 $DMO    
 1  1 4.20330157E-04 2.47995302E-03 3.82908150E-03 5.53476906E-01 2.67083510E-01
 1  2 1.26534818E-01 6.15254789E-11-0.00000000E+00-0.00000000E+00 6.39490272E-10
 1  3-7.13016018E-11-0.00000000E+00 9.68781038E-10-1.63740145E-10-0.00000000E+00
 1  4-0.00000000E+00-0.00000000E+00-0.00000000E+00 1.34288524E-11-2.25713895E-11
 1  5-0.00000000E+00-1.33347357E-02-1.33347355E-02 2.66694712E-02-1.60194071E-11
 1  6-0.00000000E+00-0.00000000E+00 8.44854006E-03 8.44853987E-03-1.68970799E-02
 1  7 2.87777792E-11-0.00000000E+00-0.00000000E+00 4.41088640E-03 4.41088567E-03
 1  8-8.82177207E-03 6.40372248E-11-0.00000000E+00-0.00000000E+00 1.34473916E-02
 1  9-2.12462583E-11-0.00000000E+00-0.00000000E+00-0.00000000E+00-1.80415688E-02
 1 10-0.00000000E+00-2.07408691E-10 2.44624225E-11-0.00000000E+00 7.29997439E-02
 1 11 1.04288641E-01 9.28656138E-03 3.44627159E-03-5.96911757E-03-0.00000000E+00
 1 12 6.06275659E-03-1.05010026E-02-0.00000000E+00 2.66947026E-05 1.47992295E-03
 1 13-1.50661765E-03-1.45322826E-03-0.00000000E+00-0.00000000E+00 7.29997440E-02
 1 14 1.04288641E-01 9.28656132E-03 3.44627159E-03 5.96911758E-03-0.00000000E+00
 1 15 6.06275653E-03 1.05010025E-02-0.00000000E+00 2.66947010E-05 1.47992294E-03
 1 16-1.50661764E-03 1.45322824E-03-0.00000000E+00-0.00000000E+00 7.29997439E-02
 1 17 1.04288640E-01 9.28656108E-03-6.89254328E-03-0.00000000E+00-0.00000000E+00
 1 18-1.21255125E-02-0.00000000E+00-0.00000000E+00 2.20653685E-03-6.99919364E-04
 1 19-1.50661748E-03-0.00000000E+00-0.00000000E+00-0.00000000E+00
 2  1-1.03117118E-11-9.03376136E-11-3.51991227E-10-5.10281663E-10 1.06768498E-10
 2  2-3.26029819E-11-3.98344358E-03 1.19720126E-04 0.00000000E+00-5.31509244E-02
 2  3 1.59742076E-03 0.00000000E+00 3.61973009E-01-1.08788930E-02 0.00000000E+00
 2  4 1.70585272E-01-5.12684331E-03 0.00000000E+00 6.54944849E-02-1.96839953E-03
 2  5 0.00000000E+00-5.42838336E-02 5.42838337E-02-1.06202288E-10-1.88385900E-03
 2  6 0.00000000E+00 0.00000000E+00 2.75484716E-02-2.75484716E-02-1.05495903E-11
 2  7 9.56038538E-04 0.00000000E+00 0.00000000E+00 2.06934619E-02-2.06934619E-02
 2  8 0.00000000E+00 7.18143241E-04 0.00000000E+00 0.00000000E+00 7.71564609E-03
 2  9-2.31889363E-04 0.00000000E+00-1.03704081E-04 0.00000000E+00 3.45054191E-03
 2 10 0.00000000E+00-1.38021674E-02 4.14816308E-04 0.00000000E+00-8.53416985E-02
 2 11-1.49737194E-01-4.28617630E-02-1.54394040E-03 6.00521236E-03 0.00000000E+00
 2 12-2.87586176E-03 1.46960796E-02 0.00000000E+00 1.44039322E-03-2.58455095E-03
 2 13 1.14415773E-03 9.25163445E-04 0.00000000E+00 0.00000000E+00-7.68962709E-02
 2 14-1.34919179E-01-3.86201564E-02-1.19747387E-03-5.52275562E-03 0.00000000E+00
 2 15-2.02640467E-03-1.35678762E-02 0.00000000E+00 1.45393746E-03-2.48486917E-03
 2 16 1.03093171E-03-7.29551946E-04 0.00000000E+00 0.00000000E+00 1.62237969E-01
 2 17 2.84656373E-01 8.14819196E-02-1.13542205E-02-5.88204431E-05 0.00000000E+00
 2 18-2.69284373E-02-1.71549744E-04 0.00000000E+00 4.31951901E-03-2.14442967E-03
 2 19-2.17508934E-03 5.47369850E-05 0.00000000E+00 0.00000000E+00
 3  1 1.30039844E-11 0.00000000E+00-1.64789373E-11 1.33089408E-11 1.06547635E-11
 3  2-1.95523183E-11-1.19720133E-04-3.98344357E-03 0.00000000E+00-1.59742083E-03
 3  3-5.31509243E-02 0.00000000E+00 1.08788929E-02 3.61973009E-01 0.00000000E+00
 3  4 5.12684333E-03 1.70585272E-01 0.00000000E+00 1.96839946E-03 6.54944848E-02
 3  5 0.00000000E+00-1.63146976E-03 1.63146975E-03 0.00000000E+00 6.26815720E-02
 3  6 0.00000000E+00 0.00000000E+00 8.27953640E-04-8.27953639E-04 0.00000000E+00
 3  7-3.18102350E-02 0.00000000E+00 0.00000000E+00 6.21930215E-04-6.21930212E-04
 3  8 0.00000000E+00-2.38947517E-02 0.00000000E+00 0.00000000E+00 2.31889354E-04
 3  9 7.71564605E-03 0.00000000E+00 3.45054196E-03 0.00000000E+00 1.03704069E-04
 3 10 0.00000000E+00-4.14816284E-04-1.38021674E-02 0.00000000E+00 1.38064218E-01
 3 11 2.42242058E-01 6.93409659E-02 5.72278825E-03-7.85314940E-03 0.00000000E+00
 3 12 1.40583106E-02-1.83446073E-02 0.00000000E+00 2.68822205E-04 1.58217491E-03
 3 13-1.85099712E-03-3.22942147E-03 0.00000000E+00 0.00000000E+00-1.42940188E-01
 3 14-2.50797243E-01-7.17898587E-02-5.80517990E-03-8.19961592E-03 0.00000000E+00
 3 15-1.42056454E-02-1.91940644E-02 0.00000000E+00-1.81834738E-04-1.73453345E-03
 3 16 1.91636819E-03-3.27915300E-03 0.00000000E+00 0.00000000E+00 4.87596991E-03
 3 17 8.55518549E-03 2.44889281E-03-3.41244637E-04 1.95713056E-03 0.00000000E+00
 3 18-8.09318912E-04 5.70796803E-03 0.00000000E+00 1.29820690E-04-6.44496120E-05
 3 19-6.53710782E-05-1.82126171E-03 0.00000000E+00 0.00000000E+00
 4  1 0.00000000E+00 0.00000000E+00 0.00000000E+00 0.00000000E+00 0.00000000E+00
 4  2 0.00000000E+00 0.00000000E+00 0.00000000E+00-2.78572625E-04 0.00000000E+00
 4  3 0.00000000E+00-1.55080610E-03 0.00000000E+00 0.00000000E+00 6.09955035E-01
 4  4 0.00000000E+00 0.00000000E+00 2.31759447E-01 0.00000000E+00 0.00000000E+00
 4  5 2.94111036E-01 0.00000000E+00 0.00000000E+00 0.00000000E+00 0.00000000E+00
 4  6-2.02927887E-10 0.00000000E+00 0.00000000E+00 0.00000000E+00 0.00000000E+00
 4  7 0.00000000E+00 1.61208032E-10 0.00000000E+00 0.00000000E+00 0.00000000E+00
 4  8 0.00000000E+00 0.00000000E+00-2.09320167E-10 0.00000000E+00 0.00000000E+00
 4  9 0.00000000E+00-1.47347243E-02 0.00000000E+00 9.88435353E-03 0.00000000E+00
 4 10 9.88435357E-03 0.00000000E+00 0.00000000E+00-1.13503255E-11 0.00000000E+00
 4 11 0.00000000E+00 0.00000000E+00 0.00000000E+00 0.00000000E+00 4.51160056E-03
 4 12 0.00000000E+00 0.00000000E+00 2.34104360E-02 0.00000000E+00 0.00000000E+00
 4 13 0.00000000E+00 0.00000000E+00 1.33487381E-03-2.31206908E-03 0.00000000E+00
 4 14 0.00000000E+00 0.00000000E+00 0.00000000E+00 0.00000000E+00 4.51160054E-03
 4 15 0.00000000E+00 0.00000000E+00 2.34104361E-02 0.00000000E+00 0.00000000E+00
 4 16 0.00000000E+00 0.00000000E+00 1.33487381E-03 2.31206909E-03 0.00000000E+00
 4 17 0.00000000E+00 0.00000000E+00 0.00000000E+00 0.00000000E+00 4.51160064E-03
 4 18 0.00000000E+00 0.00000000E+00 2.34104362E-02 0.00000000E+00 0.00000000E+00
 4 19 0.00000000E+00 0.00000000E+00-2.66974727E-03 1.01328479E-11
 5  1 1.43000752E-03 1.06870201E-02 6.75431072E-02 4.94018256E-01 2.82616911E-01
 5  2 6.20341485E-01 0.00000000E+00 0.00000000E+00 0.00000000E+00-1.67900926E-10
 5  3 2.02323675E-11 0.00000000E+00-1.35564872E-10 2.63261454E-11 0.00000000E+00
 5  4 8.06164067E-11-3.52019240E-11 0.00000000E+00 1.65567199E-10-3.12761933E-11
 5  5 0.00000000E+00 5.70314460E-02 5.70314460E-02-1.14062892E-01 0.00000000E+00
 5  6 0.00000000E+00 0.00000000E+00-4.55190524E-02-4.55190524E-02 9.10381048E-02
 5  7-1.13318654E-11 0.00000000E+00 0.00000000E+00-8.65692925E-02-8.65692926E-02
 5  8 1.73138585E-01 0.00000000E+00 0.00000000E+00 0.00000000E+00-4.32184671E-02
 5  9 0.00000000E+00 0.00000000E+00 1.34356582E-11 0.00000000E+00 5.79836582E-02
 5 10 0.00000000E+00-1.33188370E-11-1.03605148E-11 0.00000000E+00-1.40650326E-01
 5 11-3.28132866E-01-2.98785266E-01 6.07176254E-04-1.05166018E-03 0.00000000E+00
 5 12-3.39642384E-04 5.88277827E-04 0.00000000E+00-4.51815631E-04-4.48757371E-05
 5 13 4.96691368E-04-4.06939940E-04 0.00000000E+00 0.00000000E+00-1.40650326E-01
 5 14-3.28132866E-01-2.98785266E-01 6.07176260E-04 1.05166017E-03 0.00000000E+00
 5 15-3.39642393E-04-5.88277798E-04 0.00000000E+00-4.51815637E-04-4.48757309E-05
 5 16 4.96691367E-04 4.06939937E-04 0.00000000E+00 0.00000000E+00-1.40650326E-01
 5 17-3.28132866E-01-2.98785266E-01-1.21435256E-03 0.00000000E+00 0.00000000E+00
 5 18 6.79285000E-04 0.00000000E+00 0.00000000E+00 1.58594162E-04-6.55285557E-04
 5 19 4.96691396E-04 0.00000000E+00 0.00000000E+00 0.00000000E+00
 6  1-2.74888075E-11-1.03209370E-10-4.34576189E-10-7.66841069E-10 2.07962742E-11
 6  2-1.28058770E-10 1.36506041E-02 2.31050449E-04-0.00000000E+00 1.86463825E-01
 6  3 3.15609114E-03-0.00000000E+00 9.72306333E-01 1.64572803E-02-0.00000000E+00
 6  4 2.75125161E-01 4.65677515E-03-0.00000000E+00 2.05044140E-01 3.47058178E-03
 6  5-0.00000000E+00 1.04570561E-01-1.04570561E-01-3.23085026E-11-2.04377819E-03
 6  6-0.00000000E+00-0.00000000E+00-5.88022163E-02 5.88022161E-02 1.51139962E-10
 6  7 1.14925928E-03-0.00000000E+00-0.00000000E+00 4.06857841E-02-4.06857843E-02
 6  8 1.97244965E-10-7.95182720E-04-0.00000000E+00-0.00000000E+00-6.04697455E-03
 6  9-1.02351251E-04-0.00000000E+00-4.57728540E-05-0.00000000E+00-2.70428894E-03
 6 10-0.00000000E+00 1.08171566E-02 1.83091466E-04-0.00000000E+00 1.29007956E-01
 6 11 3.69355725E-01 3.47959905E-02 7.79786890E-03-1.18440222E-03-0.00000000E+00
 6 12 5.98343278E-02-3.85968477E-02-0.00000000E+00 3.70190122E-03-3.08156771E-05
 6 13-3.67108555E-03-6.82536739E-03-0.00000000E+00-0.00000000E+00 1.36800595E-01
 6 14 3.91666408E-01 3.68978185E-02 7.84333297E-03 1.50164295E-03-0.00000000E+00
 6 15 6.12023226E-02 4.22251413E-02-0.00000000E+00 3.60972108E-03 2.83113909E-04
 6 16-3.89283499E-03 7.02712176E-03-0.00000000E+00-0.00000000E+00-2.65808551E-01
 6 17-7.61022132E-01-7.16938091E-02 1.01467841E-02 1.19247347E-04-0.00000000E+00
 6 18 1.30512220E-01 6.29428461E-04-0.00000000E+00-1.24064961E-02 4.84257547E-03
 6 19 7.56392059E-03-1.02177675E-04-0.00000000E+00-0.00000000E+00
 7  1 0.00000000E+00 3.10076077E-11 1.26732807E-10 2.09086456E-10 6.31078158E-11
 7  2-6.77676395E-10-2.31050460E-04 1.36506041E-02 0.00000000E+00-3.15609126E-03
 7  3 1.86463825E-01 0.00000000E+00-1.64572805E-02 9.72306333E-01 0.00000000E+00
 7  4-4.65677507E-03 2.75125161E-01 0.00000000E+00-3.47058453E-03 2.05044140E-01
 7  5 0.00000000E+00-1.76996381E-03 1.76996381E-03 0.00000000E+00-1.20747683E-01
 7  6 0.00000000E+00 0.00000000E+00 9.95287683E-04-9.95287679E-04 0.00000000E+00
 7  7 6.78989508E-02 0.00000000E+00 0.00000000E+00-6.88649089E-04 6.88649057E-04
 7  8 3.19774093E-11-4.69798969E-02 0.00000000E+00 0.00000000E+00 1.02351164E-04
 7  9-6.04697445E-03 0.00000000E+00-2.70428906E-03 0.00000000E+00 4.57728599E-05
 7 10 0.00000000E+00-1.83091356E-04 1.08171566E-02 0.00000000E+00-2.32446499E-01
 7 11-6.65505039E-01-6.26954067E-02-1.47539424E-03 9.39412170E-03 0.00000000E+00
 7 12-4.14353289E-02 1.07864919E-01 0.00000000E+00 2.66115165E-03-9.27571259E-03
 7 13 6.61456094E-03 6.07712076E-03 0.00000000E+00 0.00000000E+00 2.27947417E-01
 7 14 6.52623960E-01 6.14819134E-02 1.21065088E-03 9.34865766E-03 0.00000000E+00
 7 15 3.93866595E-02 1.06496924E-01 0.00000000E+00-2.78490834E-03 9.27144217E-03
 7 16-6.48653383E-03 5.84265318E-03 0.00000000E+00 0.00000000E+00 4.49908189E-03
 7 17 1.28810789E-02 1.21349393E-03-1.71744675E-04 7.04520652E-03 0.00000000E+00
 7 18-2.20905334E-03 3.71870267E-02 0.00000000E+00 2.09992666E-04-8.19655547E-05
 7 19-1.28027112E-04-6.03672060E-03 0.00000000E+00 0.00000000E+00
 $END
