       71    0.945299
        6    0.116437
      177   -0.115152
       74   -0.105603
       38    0.105603
       36    0.099916
       78   -0.090333
      248   -0.072824
      109    0.054911
      822   -0.052389
      122    0.049927
      113    0.049927
       42   -0.043473
      810   -0.039591
       53    0.035828
      332    0.032431
      526    0.029012
      841    0.029012
      878    0.028503
      458    0.028064
      809   -0.028064
      316    0.027807
       75    0.027104
      323   -0.026819
      320    0.025388
      264   -0.025175
      534    0.025022
      894    0.024893
      263   -0.024830
      252    0.024830
      806   -0.024795
      462   -0.022081
      529   -0.021196
       54    0.020915
       79    0.020915
