 $DMO    
 1  1 4.81036942E-04 2.90051704E-03 5.55483629E-03 5.60069898E-01 2.37744820E-01
 1  2 1.23974528E-01 5.48051753E-05-3.97538525E-07 0.00000000E+00-2.63589292E-04
 1  3-3.67190008E-06 0.00000000E+00-4.00669724E-03 1.70288843E-05 0.00000000E+00
 1  4-2.07957210E-03 1.06200930E-05 0.00000000E+00-1.12017757E-03 5.29916373E-06
 1  5 0.00000000E+00-2.14111534E-02-1.72803843E-02 3.86915377E-02-2.65314193E-05
 1  6 0.00000000E+00 0.00000000E+00 7.71697603E-03 7.82432651E-03-1.55413025E-02
 1  7-8.42192237E-07 0.00000000E+00 0.00000000E+00 5.79045987E-03 3.81708489E-03
 1  8-9.60754477E-03 7.99659294E-06 0.00000000E+00 0.00000000E+00 1.38549027E-02
 1  9-9.71436679E-07 0.00000000E+00-3.83199625E-07 0.00000000E+00-1.83139501E-02
 1 10 0.00000000E+00-2.74352418E-04 1.68651869E-06 0.00000000E+00 7.48411319E-02
 1 11 1.08278918E-01 1.14455038E-02 3.52256736E-03-6.08479640E-03 0.00000000E+00
 1 12 6.28104541E-03-1.09614897E-02 0.00000000E+00-1.23295653E-05 1.57316909E-03
 1 13-1.56083952E-03-1.58865811E-03 0.00000000E+00 0.00000000E+00 7.48253544E-02
 1 14 1.08250733E-01 1.14628858E-02 3.52125029E-03 6.08228798E-03 0.00000000E+00
 1 15 6.27586895E-03 1.09532826E-02 0.00000000E+00-1.18579930E-05 1.57204926E-03
 1 16-1.56019127E-03 1.58706833E-03 0.00000000E+00 0.00000000E+00 7.24026142E-02
 1 17 1.04159870E-01 1.33890285E-02-6.61441879E-03-1.40637237E-07 0.00000000E+00
 1 18-1.14499157E-02 3.28849275E-07 0.00000000E+00 2.11641562E-03-6.45073555E-04
 1 19-1.47134207E-03 1.66754946E-08 0.00000000E+00 0.00000000E+00
 2  1 4.87975451E-05 2.95024683E-04 1.60320324E-03 1.19426379E-02 5.06521037E-03
 2  2 6.55684260E-03-3.70124740E-03-1.08483515E-05-0.00000000E+00-5.10516940E-02
 2  3-1.50269434E-04-0.00000000E+00 3.79805490E-01 1.11467788E-03-0.00000000E+00
 2  4 1.70455537E-01 5.00261296E-04-0.00000000E+00 7.03370874E-02 2.08103014E-04
 2  5-0.00000000E+00-4.83475476E-02 4.87590139E-02-4.11466366E-04 1.62941013E-04
 2  6-0.00000000E+00-0.00000000E+00 2.96776130E-02-2.90838014E-02-5.93811663E-04
 2  7-9.74088586E-05-0.00000000E+00-0.00000000E+00 2.59153541E-02-2.39942827E-02
 2  8-1.92107141E-03-8.16532364E-05-0.00000000E+00-0.00000000E+00 6.84512693E-03
 2  9 2.82282929E-05-0.00000000E+00 2.83651617E-06-0.00000000E+00 4.64815051E-03
 2 10-0.00000000E+00-1.38318520E-02-4.07087452E-05-0.00000000E+00-8.01920004E-02
 2 11-1.39095397E-01-4.22167758E-02-1.33314966E-03 5.60657088E-03-0.00000000E+00
 2 12-1.74522383E-03 1.29547208E-02-0.00000000E+00 1.35799826E-03-2.39942157E-03
 2 13 1.04142331E-03 7.71679026E-04-0.00000000E+00-0.00000000E+00-8.09906086E-02
 2 14-1.40459097E-01-4.26421461E-02-1.36667225E-03-5.65091056E-03-0.00000000E+00
 2 15-1.82404411E-03-1.30443918E-02-0.00000000E+00 1.35615426E-03-2.40736594E-03
 2 16 1.05121168E-03-7.89346574E-04-0.00000000E+00-0.00000000E+00 1.56113763E-01
 2 17 2.63900418E-01 8.24352566E-02-1.08098617E-02 4.93570040E-06-0.00000000E+00
 2 18-2.27744121E-02 1.38654697E-05-0.00000000E+00 3.79842012E-03-1.94773755E-03
 2 19-1.85068257E-03-4.67532444E-06-0.00000000E+00-0.00000000E+00
 3  1-4.01417693E-07-2.79727545E-06-1.46017856E-05-1.06777860E-04-4.61689327E-05
 3  2-6.48627574E-05 1.17444929E-05-4.00815014E-03-0.00000000E+00 1.56226004E-04
 3  3-5.33279730E-02-0.00000000E+00-1.06293135E-03 3.63397044E-01-0.00000000E+00
 3  4-4.88776333E-04 1.67066840E-01-0.00000000E+00-1.84898024E-04 6.38043842E-02
 3  5-0.00000000E+00 1.64891927E-04-1.63446881E-04-1.44504675E-06 6.39921597E-02
 3  6-0.00000000E+00-0.00000000E+00-9.01562655E-05 9.05728876E-05-4.16622239E-07
 3  7-3.50397451E-02-0.00000000E+00-0.00000000E+00-8.29365743E-05 7.00389533E-05
 3  8 1.28976210E-05-2.92695651E-02-0.00000000E+00-0.00000000E+00-9.15096210E-06
 3  9 7.73874174E-03-0.00000000E+00 1.94514493E-03-0.00000000E+00-2.36794238E-05
 3 10-0.00000000E+00 3.59567278E-05-1.23277565E-02-0.00000000E+00 1.41324088E-01
 3 11 2.46797643E-01 7.02938543E-02 5.90623102E-03-8.21457340E-03-0.00000000E+00
 3 12 1.48259951E-02-1.89869949E-02-0.00000000E+00 1.73894104E-04 1.66762750E-03
 3 13-1.84152160E-03-3.43983257E-03-0.00000000E+00-0.00000000E+00-1.40805336E-01
 3 14-2.45852339E-01-7.00467957E-02-5.89599696E-03-8.17797788E-03-0.00000000E+00
 3 15-1.48038727E-02-1.88906410E-02-0.00000000E+00-1.82723995E-04-1.65075908E-03
 3 16 1.83348307E-03-3.43302375E-03-0.00000000E+00-0.00000000E+00-4.58644225E-04
 3 17-7.79677891E-04-2.29902624E-04 3.27947696E-05 1.79740008E-03-0.00000000E+00
 3 18 7.47034305E-05 5.45468362E-03-0.00000000E+00-1.19712299E-05 6.64902830E-06
 3 19 5.32220155E-06-1.82559415E-03-0.00000000E+00-0.00000000E+00
 4  1 0.00000000E+00 0.00000000E+00 0.00000000E+00 0.00000000E+00 0.00000000E+00
 4  2 0.00000000E+00 0.00000000E+00 0.00000000E+00-3.69267836E-05 0.00000000E+00
 4  3 0.00000000E+00 1.32703382E-03 0.00000000E+00 0.00000000E+00 6.23192722E-01
 4  4 0.00000000E+00 0.00000000E+00 2.28548087E-01 0.00000000E+00 0.00000000E+00
 4  5 2.83737155E-01 0.00000000E+00 0.00000000E+00 0.00000000E+00 0.00000000E+00
 4  6 4.87931020E-03-2.83596162E-05 0.00000000E+00 0.00000000E+00 0.00000000E+00
 4  7 0.00000000E+00-6.26382817E-03 3.32631488E-05 0.00000000E+00 0.00000000E+00
 4  8 0.00000000E+00 0.00000000E+00-1.54547354E-02 8.77968302E-05 0.00000000E+00
 4  9 0.00000000E+00-1.09146647E-02 0.00000000E+00 3.19622084E-03 0.00000000E+00
 4 10 1.14473384E-02 0.00000000E+00 0.00000000E+00-2.95779543E-05 0.00000000E+00
 4 11 0.00000000E+00 0.00000000E+00 0.00000000E+00 0.00000000E+00 4.61117674E-03
 4 12 0.00000000E+00 0.00000000E+00 2.29585247E-02 0.00000000E+00 0.00000000E+00
 4 13 0.00000000E+00 0.00000000E+00 1.41883253E-03-2.33217252E-03 0.00000000E+00
 4 14 0.00000000E+00 0.00000000E+00 0.00000000E+00 0.00000000E+00 4.60990121E-03
 4 15 0.00000000E+00 0.00000000E+00 2.29212256E-02 0.00000000E+00 0.00000000E+00
 4 16 0.00000000E+00 0.00000000E+00 1.41811385E-03 2.33022866E-03 0.00000000E+00
 4 17 0.00000000E+00 0.00000000E+00 0.00000000E+00 0.00000000E+00 4.41651506E-03
 4 18 0.00000000E+00 0.00000000E+00 1.84820060E-02 0.00000000E+00 0.00000000E+00
 4 19 0.00000000E+00 0.00000000E+00-2.51251228E-03-3.31421866E-07
 5  1 1.17412510E-03 8.98258915E-03 6.08437318E-02 4.89140044E-01 2.51292126E-01
 5  2 7.03553371E-01-3.55796884E-04 1.20446375E-06 0.00000000E+00-4.19045038E-03
 5  3 1.32541438E-05 0.00000000E+00-2.28456689E-02 6.78185256E-05 0.00000000E+00
 5  4-4.67659448E-03 1.24813934E-05 0.00000000E+00-1.44188638E-02-5.16799179E-05
 5  5 0.00000000E+00 5.32766405E-02 5.90701782E-02-1.12346819E-01 1.17647314E-06
 5  6 0.00000000E+00 0.00000000E+00-4.13932968E-02-4.97565924E-02 9.11498892E-02
 5  7 1.23853370E-05 0.00000000E+00 0.00000000E+00-9.10838052E-02-9.29642519E-02
 5  8 1.84048057E-01-2.73618330E-05 0.00000000E+00 0.00000000E+00-4.01021816E-02
 5  9-4.57857807E-06 0.00000000E+00-1.98093881E-06 0.00000000E+00 5.68572729E-02
 5 10 0.00000000E+00-3.05455035E-03 8.12374590E-06 0.00000000E+00-1.35523714E-01
 5 11-3.16680549E-01-3.43987952E-01 9.71194596E-04-1.99526248E-03 0.00000000E+00
 5 12 5.62585187E-04-1.98812418E-03 0.00000000E+00-5.71311791E-04 2.42495427E-04
 5 13 3.28816364E-04-6.14655624E-04 0.00000000E+00 0.00000000E+00-1.35528029E-01
 5 14-3.16646589E-01-3.44147982E-01 9.73490166E-04 1.99890496E-03 0.00000000E+00
 5 15 5.80700983E-04 2.01859446E-03 0.00000000E+00-5.71435248E-04 2.45352675E-04
 5 16 3.26082572E-04 6.16430466E-04 0.00000000E+00 0.00000000E+00-1.31300158E-01
 5 17-2.97136485E-01-3.36237943E-01-2.66418555E-03-1.30486641E-07 0.00000000E+00
 5 18-7.26137011E-03-1.57261462E-07 0.00000000E+00 1.04376085E-03-9.80765794E-04
 5 19-6.29950589E-05-6.58042825E-07 0.00000000E+00 0.00000000E+00
 6  1 1.54615803E-04 1.11317430E-03 5.91940041E-03 3.00142211E-02 1.93132077E-02
 6  2 5.87615631E-03 1.27503738E-02 3.47589764E-05 0.00000000E+00 1.80642134E-01
 6  3 4.94866923E-04 0.00000000E+00 9.96723680E-01 2.75497875E-03 0.00000000E+00
 6  4 3.00197651E-01 8.38260735E-04 0.00000000E+00 1.61285545E-01 4.17318780E-04
 6  5 0.00000000E+00 8.40951932E-02-9.38004517E-02 9.70525847E-03-2.89575365E-04
 6  6 0.00000000E+00 0.00000000E+00-2.29157938E-02 4.43491416E-02-2.14333478E-02
 6  7 1.21779623E-04 0.00000000E+00 0.00000000E+00 7.69947418E-02-6.75010091E-02
 6  8-9.49373265E-03-2.25850359E-04 0.00000000E+00 0.00000000E+00 1.51947860E-02
 6  9-7.57127134E-05 0.00000000E+00 1.39172675E-04 0.00000000E+00-8.42579110E-03
 6 10 0.00000000E+00-1.19601536E-02-3.75934106E-05 0.00000000E+00 1.41559276E-01
 6 11 3.81751833E-01 6.50131782E-03 7.70121632E-03-2.61945746E-03 0.00000000E+00
 6 12 5.87342462E-02-4.42587165E-02 0.00000000E+00 3.46536809E-03 5.39194310E-04
 6 13-4.00456240E-03-7.07783291E-03 0.00000000E+00 0.00000000E+00 1.42949686E-01
 6 14 3.85517674E-01 6.73952771E-03 7.71238785E-03 2.65196833E-03 0.00000000E+00
 6 15 5.89933882E-02 4.47844101E-02 0.00000000E+00 3.45576798E-03 5.77949993E-04
 6 16-4.03371798E-03 7.10454803E-03 0.00000000E+00 0.00000000E+00-2.92681921E-01
 6 17-7.98842603E-01-7.46154153E-02 4.96223421E-03 2.29886769E-05 0.00000000E+00
 6 18 1.17519590E-01 1.18269765E-04 0.00000000E+00-8.47963515E-03 3.20174963E-03
 6 19 5.27788552E-03-2.09096375E-05 0.00000000E+00 0.00000000E+00
 7  1 3.81009027E-07 2.29120405E-06 1.02229889E-06-1.09316235E-04-1.06886870E-04
 7  2-1.72142504E-04-4.13937070E-05 1.47540547E-02-0.00000000E+00-5.48458613E-04
 7  3 1.96447219E-01-0.00000000E+00-2.73587825E-03 9.90388467E-01-0.00000000E+00
 7  4-6.97399743E-04 2.56422369E-01-0.00000000E+00-6.61806855E-04 2.34018881E-01
 7  5-0.00000000E+00-2.25890365E-04 3.09240564E-04-8.33501987E-05-1.11972916E-01
 7  6-0.00000000E+00-0.00000000E+00 6.11164839E-05-2.17420816E-04 1.56304332E-04
 7  7 5.87710181E-02-0.00000000E+00-0.00000000E+00-1.89162960E-04 1.11285062E-04
 7  8 7.78778986E-05-6.17025143E-02-0.00000000E+00-0.00000000E+00-1.84050231E-05
 7  9-1.96421283E-02-0.00000000E+00 5.22729326E-03-0.00000000E+00 8.93615263E-05
 7 10-0.00000000E+00-6.46685966E-05 2.11253872E-02-0.00000000E+00-2.26697609E-01
 7 11-6.67435467E-01-8.86607943E-02-6.29580515E-04 6.96906936E-03-0.00000000E+00
 7 12-3.92225217E-02 9.74137970E-02-0.00000000E+00 1.95808522E-03-8.54502215E-03
 7 13 6.58693693E-03 5.31067144E-03-0.00000000E+00-0.00000000E+00 2.25923170E-01
 7 14 6.65292005E-01 8.88746790E-02 5.69959411E-04 6.92984993E-03-0.00000000E+00
 7 15 3.88363882E-02 9.70992807E-02-0.00000000E+00-1.97779409E-03 8.52716105E-03
 7 16-6.54936696E-03 5.25866338E-03-0.00000000E+00-0.00000000E+00 6.89035433E-04
 7 17 2.11713408E-03 5.31490457E-04-4.56998131E-07 7.06011543E-03-0.00000000E+00
 7 18-2.72776677E-04 3.97158486E-02-0.00000000E+00 2.03041574E-05-6.75805339E-06
 7 19-1.35461040E-05-6.14140871E-03-0.00000000E+00-0.00000000E+00
 $END
