       36   -0.951509
       16    0.124669
      142    0.123822
       73   -0.100948
       52   -0.088177
       39   -0.084617
      249   -0.068160
      108   -0.057859
      463   -0.052881
      123   -0.050475
      112    0.047686
       40   -0.046098
       88   -0.042723
      460    0.038077
       77    0.032152
      288    0.032121
      459   -0.029945
       43    0.029239
      876   -0.028859
      808   -0.026957
      494    0.026898
      491    0.026279
      297   -0.026149
      262   -0.025755
      859   -0.025268
      285   -0.025265
      254    0.024964
      499   -0.024767
      253   -0.024625
      843   -0.021952
      823   -0.021857
       89   -0.021617
       44    0.021408
