 $DATA  
 NH3 MP2 Geometry Opt and Hessian                                               
CNV      2

N           7.0      0.0000000000      0.0000000000      0.0000000000
   CCD     0
        
H           1.0      0.8684989910      0.0000000000     -0.5014281263
   CCD     0
        
H           1.0      0.0000000000      0.0000000000      1.0028562525
   CCD     0
        
 $END      
-------------------- DATA FROM NSERCH=   0 --------------------
 COORDINATES OF SYMMETRY UNIQUE ATOMS (ANGS)
   ATOM   CHARGE       X              Y              Z
 ------------------------------------------------------------
 N           7.0   0.0000000000   0.0000000000   0.0000000000
 H           1.0   0.8684989910   0.0000000000  -0.5014281263
 H           1.0   0.0000000000   0.0000000000   1.0028562525
--- CLOSED SHELL ORBITALS --- GENERATED AT Mon Jan 22 15:10:47 2024
 NH3 MP2 Geometry Opt and Hessian                                               
E(RHF)=      -56.1839056435, E(NUC)=   11.9950233005,    9 ITERS
 $VEC   
 1  1 1.00144281E+00 2.63359673E-03-3.62264250E-03-0.00000000E+00-0.00000000E+00
 1  2 1.15361770E-11-0.00000000E+00-0.00000000E+00-0.00000000E+00 1.90054985E-04
 1  3-3.80109979E-04 1.90054993E-04-0.00000000E+00-0.00000000E+00-0.00000000E+00
 1  4-4.12081817E-04 5.46946555E-04-6.04811139E-04-0.00000000E+00-3.49187875E-04
 1  5-4.12081817E-04 5.46946555E-04 6.04811139E-04-0.00000000E+00-3.49187875E-04
 1  6-4.12081827E-04 5.46946553E-04-0.00000000E+00-0.00000000E+00 6.98375756E-04
 2  1-2.11332973E-02 4.01680160E-01 3.13686931E-01 0.00000000E+00 0.00000000E+00
 2  2-1.00647754E-10 0.00000000E+00 0.00000000E+00-1.84757279E-11 5.68665205E-04
 2  3-1.13733043E-03 5.68665223E-04 0.00000000E+00 0.00000000E+00 0.00000000E+00
 2  4 1.86978547E-01 1.81903578E-02 3.03961527E-02 0.00000000E+00 1.75492270E-02
 2  5 1.86978547E-01 1.81903578E-02-3.03961527E-02 0.00000000E+00 1.75492270E-02
 2  6 1.86978547E-01 1.81903580E-02 0.00000000E+00 0.00000000E+00-3.50984539E-02
 3  1 0.00000000E+00-1.71534384E-11-4.52918647E-10 0.00000000E+00 0.00000000E+00
 3  2 4.45802307E-01 0.00000000E+00 0.00000000E+00 1.95767854E-01-1.55645459E-02
 3  3 0.00000000E+00 1.55645459E-02 0.00000000E+00 0.00000000E+00 0.00000000E+00
 3  4-1.89615968E-01-6.16517870E-02-2.22698642E-02 0.00000000E+00 6.48894184E-03
 3  5-1.89615968E-01-6.16517870E-02 2.22698642E-02 0.00000000E+00 6.48894184E-03
 3  6 3.79231936E-01 1.23303575E-01 0.00000000E+00 0.00000000E+00-3.20835945E-02
 4  1 0.00000000E+00 0.00000000E+00 0.00000000E+00 4.45802307E-01 0.00000000E+00
 4  2 0.00000000E+00 1.95767854E-01 0.00000000E+00 0.00000000E+00 0.00000000E+00
 4  3 0.00000000E+00 0.00000000E+00 0.00000000E+00-1.79723895E-02 0.00000000E+00
 4  4-3.28424491E-01-1.06784028E-01-1.92260824E-02 0.00000000E+00-2.22698642E-02
 4  5 3.28424491E-01 1.06784028E-01-1.92260824E-02 0.00000000E+00 2.22698642E-02
 4  6 0.00000000E+00 0.00000000E+00 1.93464540E-02 0.00000000E+00 0.00000000E+00
 5  1 0.00000000E+00 0.00000000E+00 0.00000000E+00 0.00000000E+00 5.81986014E-01
 5  2 0.00000000E+00 0.00000000E+00 5.34705285E-01 0.00000000E+00 0.00000000E+00
 5  3 0.00000000E+00 0.00000000E+00 0.00000000E+00 0.00000000E+00 1.39105255E-11
 5  4 0.00000000E+00 0.00000000E+00 0.00000000E+00 2.55160579E-02 0.00000000E+00
 5  5 0.00000000E+00 0.00000000E+00 0.00000000E+00 2.55160579E-02 0.00000000E+00
 5  6 0.00000000E+00 0.00000000E+00 0.00000000E+00 2.55160580E-02 0.00000000E+00
 6  1-7.18691828E-02 1.00288437E-01 1.56147341E+00 0.00000000E+00 0.00000000E+00
 6  2-7.13831988E-11 0.00000000E+00 0.00000000E+00-7.41078657E-10 1.13761204E-02
 6  3-2.27522407E-02 1.13761204E-02 0.00000000E+00 0.00000000E+00 0.00000000E+00
 6  4-6.62576521E-02-7.54602410E-01-2.21959802E-02 0.00000000E+00-1.28148551E-02
 6  5-6.62576521E-02-7.54602410E-01 2.21959802E-02 0.00000000E+00-1.28148551E-02
 6  6-6.62576519E-02-7.54602407E-01 0.00000000E+00 0.00000000E+00 2.56297102E-02
 7  1 0.00000000E+00 0.00000000E+00 0.00000000E+00 2.75840433E-01 0.00000000E+00
 7  2 0.00000000E+00 9.38808571E-01 0.00000000E+00 0.00000000E+00 0.00000000E+00
 7  3 0.00000000E+00 0.00000000E+00 0.00000000E+00-2.32115170E-02 0.00000000E+00
 7  4 1.26257333E-02 1.54129520E+00 2.76444757E-02 0.00000000E+00 2.07518863E-02
 7  5-1.26257333E-02-1.54129520E+00 2.76444757E-02 0.00000000E+00-2.07518863E-02
 7  6 0.00000000E+00 0.00000000E+00-8.29884565E-03 0.00000000E+00 0.00000000E+00
 8  1 4.82378516E-11-1.98702303E-10-1.40598528E-09-0.00000000E+00-0.00000000E+00
 8  2-2.75840433E-01-0.00000000E+00-0.00000000E+00-9.38808571E-01 2.01017634E-02
 8  3 1.37688756E-11-2.01017634E-02-0.00000000E+00-0.00000000E+00-0.00000000E+00
 8  4-7.28947047E-03-8.89867198E-01-2.07518862E-02-0.00000000E+00-3.68226147E-03
 8  5-7.28947047E-03-8.89867198E-01 2.07518862E-02-0.00000000E+00-3.68226147E-03
 8  6 1.45789412E-02 1.77973440E+00-0.00000000E+00-0.00000000E+00-3.96255828E-02
 9  1 0.00000000E+00 0.00000000E+00 0.00000000E+00 9.94883107E-02 0.00000000E+00
 9  2 0.00000000E+00 7.50649495E-01 0.00000000E+00 0.00000000E+00 0.00000000E+00
 9  3 0.00000000E+00 0.00000000E+00 0.00000000E+00 1.39121618E-01 0.00000000E+00
 9  4 8.73695743E-01-3.52427200E-01-3.48669092E-02 0.00000000E+00-1.25039985E-01
 9  5-8.73695743E-01 3.52427200E-01-3.48669092E-02 0.00000000E+00 1.25039985E-01
 9  6 0.00000000E+00 0.00000000E+00 1.81708698E-01 0.00000000E+00 0.00000000E+00
10  1 2.61260829E-11 1.16094961E-10-1.48696634E-10 0.00000000E+00 0.00000000E+00
10  2-9.94883107E-02 0.00000000E+00 0.00000000E+00-7.50649495E-01-1.20482855E-01
10  3 6.93530754E-11 1.20482855E-01 0.00000000E+00 0.00000000E+00 0.00000000E+00
10  4-5.04428472E-01 2.03473939E-01 1.25039985E-01 0.00000000E+00-1.09516829E-01
10  5-5.04428472E-01 2.03473939E-01-1.25039985E-01 0.00000000E+00-1.09516829E-01
10  6 1.00885694E+00-4.06947878E-01 0.00000000E+00 0.00000000E+00 1.07058778E-01
11  1-2.88041976E-02-2.56050210E-01 6.10098603E-02 0.00000000E+00 0.00000000E+00
11  2 4.47483105E-11 0.00000000E+00 0.00000000E+00-2.64853106E-10 9.02999101E-02
11  3-1.80599820E-01 9.02999102E-02 0.00000000E+00 0.00000000E+00 0.00000000E+00
11  4 7.00641221E-01-3.94766446E-01-1.58563343E-01 0.00000000E+00-9.15465889E-02
11  5 7.00641221E-01-3.94766446E-01 1.58563343E-01 0.00000000E+00-9.15465889E-02
11  6 7.00641222E-01-3.94766446E-01 0.00000000E+00 0.00000000E+00 1.83093178E-01
12  1-0.00000000E+00-0.00000000E+00-0.00000000E+00-0.00000000E+00-1.00508323E+00
12  2-0.00000000E+00-0.00000000E+00 1.08290177E+00-0.00000000E+00-0.00000000E+00
12  3-0.00000000E+00-0.00000000E+00-0.00000000E+00-0.00000000E+00-1.56231816E-11
12  4-0.00000000E+00-0.00000000E+00-0.00000000E+00-5.41178858E-02-0.00000000E+00
12  5-0.00000000E+00-0.00000000E+00-0.00000000E+00-5.41178858E-02-0.00000000E+00
12  6-0.00000000E+00-0.00000000E+00-0.00000000E+00-5.41178858E-02-0.00000000E+00
13  1-0.00000000E+00-0.00000000E+00-0.00000000E+00-8.09285058E-01-0.00000000E+00
13  2-0.00000000E+00 1.81037732E+00-0.00000000E+00-0.00000000E+00-0.00000000E+00
13  3-0.00000000E+00-0.00000000E+00-0.00000000E+00-1.46038148E-01-0.00000000E+00
13  4 1.35658405E-01 1.07360566E+00 2.91008444E-01-0.00000000E+00 1.59074555E-01
13  5-1.35658405E-01-1.07360566E+00 2.91008444E-01-0.00000000E+00-1.59074555E-01
13  6-0.00000000E+00-0.00000000E+00 1.54832335E-02-0.00000000E+00-0.00000000E+00
14  1 0.00000000E+00-4.11222315E-11-1.67879883E-10 0.00000000E+00 0.00000000E+00
14  2-8.09285058E-01 0.00000000E+00 0.00000000E+00 1.81037732E+00-1.26472746E-01
14  3 0.00000000E+00 1.26472746E-01 0.00000000E+00 0.00000000E+00 0.00000000E+00
14  4 7.83224164E-02 6.19846515E-01 1.59074555E-01 0.00000000E+00 1.07324970E-01
14  5 7.83224164E-02 6.19846515E-01-1.59074555E-01 0.00000000E+00 1.07324970E-01
14  6-1.56644833E-01-1.23969303E+00 0.00000000E+00 0.00000000E+00 3.82850181E-01
15  1-7.29686892E-01-1.60114709E+00 3.60816266E+00 0.00000000E+00 0.00000000E+00
15  2-5.09855769E-11 0.00000000E+00 0.00000000E+00-2.83432041E-11-2.17650510E-02
15  3 4.35301020E-02-2.17650510E-02 0.00000000E+00 0.00000000E+00 0.00000000E+00
15  4-4.46446210E-01-5.57598733E-01-2.37101935E-01 0.00000000E+00-1.36890866E-01
15  5-4.46446210E-01-5.57598733E-01 2.37101935E-01 0.00000000E+00-1.36890866E-01
15  6-4.46446210E-01-5.57598733E-01 0.00000000E+00 0.00000000E+00 2.73781732E-01
16  1 0.00000000E+00 0.00000000E+00 0.00000000E+00 0.00000000E+00-3.28222172E-11
16  2 0.00000000E+00 0.00000000E+00 3.30530187E-11 0.00000000E+00 0.00000000E+00
16  3 0.00000000E+00 0.00000000E+00 0.00000000E+00 0.00000000E+00 2.80608730E-01
16  4 0.00000000E+00 0.00000000E+00 0.00000000E+00-3.42241305E-01 0.00000000E+00
16  5 0.00000000E+00 0.00000000E+00 0.00000000E+00-3.42241305E-01 0.00000000E+00
16  6 0.00000000E+00 0.00000000E+00 0.00000000E+00 6.84482610E-01 0.00000000E+00
17  1-0.00000000E+00-0.00000000E+00-0.00000000E+00-0.00000000E+00-0.00000000E+00
17  2-0.00000000E+00-0.00000000E+00-0.00000000E+00-0.00000000E+00-0.00000000E+00
17  3-0.00000000E+00-0.00000000E+00-2.80608730E-01-0.00000000E+00-0.00000000E+00
17  4-0.00000000E+00-0.00000000E+00-0.00000000E+00 5.92779329E-01-0.00000000E+00
17  5-0.00000000E+00-0.00000000E+00-0.00000000E+00-5.92779329E-01-0.00000000E+00
17  6-0.00000000E+00-0.00000000E+00-0.00000000E+00-0.00000000E+00-0.00000000E+00
18  1 0.00000000E+00 0.00000000E+00 0.00000000E+00 6.70629819E-11 0.00000000E+00
18  2 0.00000000E+00-1.22462502E-10 0.00000000E+00 0.00000000E+00 0.00000000E+00
18  3 0.00000000E+00 0.00000000E+00 0.00000000E+00 6.04949237E-11 0.00000000E+00
18  4-7.01512425E-11-1.25377174E-11-3.03934062E-01 0.00000000E+00 5.26429238E-01
18  5 7.01512425E-11 1.25377174E-11-3.03934062E-01 0.00000000E+00-5.26429238E-01
18  6 0.00000000E+00 0.00000000E+00 6.07868124E-01 0.00000000E+00 0.00000000E+00
19  1 2.96139053E-11 7.70207265E-11-6.88018514E-11-0.00000000E+00-0.00000000E+00
19  2-3.32338213E-01-0.00000000E+00-0.00000000E+00 1.50968010E+00-1.09788790E-01
19  3 1.80569214E-11 1.09788790E-01-0.00000000E+00-0.00000000E+00-0.00000000E+00
19  4 3.58549584E-01 1.39677880E-01 2.07696889E-01-0.00000000E+00-6.97734157E-01
19  5 3.58549584E-01 1.39677880E-01-2.07696889E-01-0.00000000E+00-6.97734157E-01
19  6-7.17099168E-01-2.79355760E-01-0.00000000E+00-0.00000000E+00-3.37992593E-01
20  1 0.00000000E+00 0.00000000E+00 0.00000000E+00-3.32338213E-01 0.00000000E+00
20  2 0.00000000E+00 1.50968010E+00 0.00000000E+00 0.00000000E+00 0.00000000E+00
20  3 0.00000000E+00 0.00000000E+00 0.00000000E+00-1.26773174E-01 0.00000000E+00
20  4 6.21026097E-01 2.41929185E-01-4.57906448E-01 0.00000000E+00 2.07696889E-01
20  5-6.21026097E-01-2.41929185E-01-4.57906448E-01 0.00000000E+00-2.07696889E-01
20  6 0.00000000E+00 0.00000000E+00-8.17648012E-01 0.00000000E+00 0.00000000E+00
21  1 0.00000000E+00 0.00000000E+00 0.00000000E+00 0.00000000E+00-1.81698448E-01
21  2 0.00000000E+00 0.00000000E+00-6.59810312E-01 0.00000000E+00 0.00000000E+00
21  3 0.00000000E+00 0.00000000E+00 0.00000000E+00 0.00000000E+00 4.29805497E-11
21  4 0.00000000E+00 0.00000000E+00 0.00000000E+00 7.11286771E-01 0.00000000E+00
21  5 0.00000000E+00 0.00000000E+00 0.00000000E+00 7.11286771E-01 0.00000000E+00
21  6 0.00000000E+00 0.00000000E+00 0.00000000E+00 7.11286771E-01 0.00000000E+00
22  1 4.92522664E-01 1.10915612E+00-4.53846006E-01-0.00000000E+00-0.00000000E+00
22  2-1.21855425E-10-0.00000000E+00-0.00000000E+00-1.10424536E-10-3.04670654E-01
22  3 6.09341308E-01-3.04670654E-01-0.00000000E+00-0.00000000E+00-0.00000000E+00
22  4 6.07023486E-02-4.10785796E-02-4.17189252E-01-0.00000000E+00-2.40864327E-01
22  5 6.07023486E-02-4.10785796E-02 4.17189252E-01-0.00000000E+00-2.40864327E-01
22  6 6.07023488E-02-4.10785795E-02-0.00000000E+00-0.00000000E+00 4.81728654E-01
23  1 0.00000000E+00 0.00000000E+00 0.00000000E+00 7.90830350E-01 0.00000000E+00
23  2 0.00000000E+00 8.90491925E-01 0.00000000E+00 0.00000000E+00 0.00000000E+00
23  3 0.00000000E+00 0.00000000E+00 0.00000000E+00 3.83970047E-01 0.00000000E+00
23  4 4.63533980E-01 4.97481958E-01 4.85877203E-01 0.00000000E+00 6.56882430E-01
23  5-4.63533980E-01-4.97481958E-01 4.85877203E-01 0.00000000E+00-6.56882430E-01
23  6 0.00000000E+00 0.00000000E+00-6.51876541E-01 0.00000000E+00 0.00000000E+00
24  1 8.57334556E-11 1.84704744E-10 5.20872338E-11-0.00000000E+00-0.00000000E+00
24  2 7.90830350E-01-0.00000000E+00-0.00000000E+00 8.90491925E-01 3.32527815E-01
24  3 1.27693594E-11-3.32527815E-01-0.00000000E+00-0.00000000E+00-0.00000000E+00
24  4 2.67621468E-01 2.87221342E-01 6.56882430E-01-0.00000000E+00-2.72625293E-01
24  5 2.67621468E-01 2.87221342E-01-6.56882430E-01-0.00000000E+00-2.72625293E-01
24  6-5.35242937E-01-5.74442685E-01-0.00000000E+00-0.00000000E+00 8.65128451E-01
25  1 0.00000000E+00 0.00000000E+00 0.00000000E+00 0.00000000E+00 0.00000000E+00
25  2 0.00000000E+00 0.00000000E+00 0.00000000E+00 0.00000000E+00 0.00000000E+00
25  3 0.00000000E+00 0.00000000E+00 1.11939028E+00 0.00000000E+00 0.00000000E+00
25  4 0.00000000E+00 0.00000000E+00 0.00000000E+00 5.72737186E-01 0.00000000E+00
25  5 0.00000000E+00 0.00000000E+00 0.00000000E+00-5.72737186E-01 0.00000000E+00
25  6 0.00000000E+00 0.00000000E+00 0.00000000E+00 0.00000000E+00 0.00000000E+00
26  1 0.00000000E+00 0.00000000E+00 0.00000000E+00 0.00000000E+00 0.00000000E+00
26  2 0.00000000E+00 0.00000000E+00 1.72819398E-11 0.00000000E+00 0.00000000E+00
26  3 0.00000000E+00 0.00000000E+00 0.00000000E+00 0.00000000E+00 1.11939028E+00
26  4 0.00000000E+00 0.00000000E+00 0.00000000E+00 3.30669969E-01 0.00000000E+00
26  5 0.00000000E+00 0.00000000E+00 0.00000000E+00 3.30669969E-01 0.00000000E+00
26  6 0.00000000E+00 0.00000000E+00 0.00000000E+00-6.61339937E-01 0.00000000E+00
27  1 2.40816613E-01 7.25657708E-01 2.67171669E+00-0.00000000E+00-0.00000000E+00
27  2-1.53566606E-09-0.00000000E+00-0.00000000E+00-1.81308475E-09 6.07157615E-01
27  3-1.21431523E+00 6.07157611E-01-0.00000000E+00-0.00000000E+00-0.00000000E+00
27  4-1.16265311E+00-2.81924272E-01-8.17992534E-01-0.00000000E+00-4.72268210E-01
27  5-1.16265311E+00-2.81924272E-01 8.17992534E-01-0.00000000E+00-4.72268210E-01
27  6-1.16265311E+00-2.81924271E-01-0.00000000E+00-0.00000000E+00 9.44536417E-01
28  1-4.16326187E-10-1.24325493E-09-4.61259855E-09-0.00000000E+00-0.00000000E+00
28  2-8.77470868E-01-0.00000000E+00-0.00000000E+00-1.00478633E+00 1.29070765E+00
28  3 2.04881877E-09-1.29070765E+00-0.00000000E+00-0.00000000E+00-0.00000000E+00
28  4-7.02366405E-01-1.86491494E-01-3.21726848E-01-0.00000000E+00-4.76491351E-01
28  5-7.02366405E-01-1.86491494E-01 3.21726848E-01-0.00000000E+00-4.76491351E-01
28  6 1.40473282E+00 3.72982989E-01-0.00000000E+00-0.00000000E+00-1.03373860E+00
29  1-0.00000000E+00-0.00000000E+00-0.00000000E+00-8.77470868E-01-0.00000000E+00
29  2-0.00000000E+00-1.00478633E+00-0.00000000E+00-0.00000000E+00-0.00000000E+00
29  3-0.00000000E+00-0.00000000E+00-0.00000000E+00 1.49038082E+00-0.00000000E+00
29  4-1.21653430E+00-3.23012743E-01-8.47989518E-01-0.00000000E+00-3.21726850E-01
29  5 1.21653430E+00 3.23012743E-01-8.47989518E-01-0.00000000E+00 3.21726850E-01
29  6-0.00000000E+00-0.00000000E+00-2.90742268E-01-0.00000000E+00-0.00000000E+00
 $END   
 POPULATION ANALYSIS
N            7.33878  -0.33878   7.30525  -0.30525
H            0.88707   0.11293   0.89699   0.10301
H            0.88707   0.11293   0.89699   0.10301
H            0.88707   0.11293   0.90078   0.09922
 MOMENTS AT POINT    1 X,Y,Z=  0.000000  0.000000 -0.000000
 DIPOLE       0.000000 -0.000000 -0.000000
MP2 NATURAL ORBITALS, E(MP2)=      -56.3693801774
 $VEC
 1  1-1.00164781E+00-1.07248505E-03 5.18326246E-03 0.00000000E+00 0.00000000E+00
 1  2 2.94657979E-10 0.00000000E+00 0.00000000E+00 1.26480211E-10-2.26600532E-04
 1  3 4.53201052E-04-2.26600521E-04 0.00000000E+00 0.00000000E+00 0.00000000E+00
 1  4 1.35908420E-03-4.53505856E-04 7.86446388E-04 0.00000000E+00 4.54055049E-04
 1  5 1.35908420E-03-4.53505856E-04-7.86446388E-04 0.00000000E+00 4.54055049E-04
 1  6 1.35908459E-03-4.53505719E-04 0.00000000E+00 0.00000000E+00-9.08110110E-04
 2  1-1.33849869E-02 4.07117746E-01 3.01379475E-01 0.00000000E+00 0.00000000E+00
 2  2-3.37119766E-10 0.00000000E+00 0.00000000E+00-1.22046175E-10 1.41946900E-03
 2  3-2.83893800E-03 1.41946900E-03 0.00000000E+00 0.00000000E+00 0.00000000E+00
 2  4 1.87505747E-01 2.23001193E-02 2.87434659E-02 0.00000000E+00 1.65950478E-02
 2  5 1.87505747E-01 2.23001193E-02-2.87434659E-02 0.00000000E+00 1.65950478E-02
 2  6 1.87505746E-01 2.23001193E-02 0.00000000E+00 0.00000000E+00-3.31900955E-02
 3  1 0.00000000E+00 0.00000000E+00 0.00000000E+00 0.00000000E+00 5.80310534E-01
 3  2 0.00000000E+00 0.00000000E+00 5.35512197E-01 0.00000000E+00 0.00000000E+00
 3  3 0.00000000E+00 0.00000000E+00 0.00000000E+00 0.00000000E+00 1.46453127E-11
 3  4 0.00000000E+00 0.00000000E+00 0.00000000E+00 2.62655006E-02 0.00000000E+00
 3  5 0.00000000E+00 0.00000000E+00 0.00000000E+00 2.62655006E-02 0.00000000E+00
 3  6 0.00000000E+00 0.00000000E+00 0.00000000E+00 2.62655006E-02 0.00000000E+00
 4  1-6.82645778E-10-2.10586441E-10 3.01317183E-10 0.00000000E+00 0.00000000E+00
 4  2-4.54558479E-01 0.00000000E+00 0.00000000E+00-1.87455547E-01 1.41871138E-02
 4  3 9.18380823E-13-1.41871138E-02 0.00000000E+00 0.00000000E+00 0.00000000E+00
 4  4 1.87635382E-01 6.64614007E-02 2.07799848E-02 0.00000000E+00-8.88761932E-03
 4  5 1.87635382E-01 6.64614007E-02-2.07799848E-02 0.00000000E+00-8.88761932E-03
 4  6-3.75270765E-01-1.32922802E-01 0.00000000E+00 0.00000000E+00 2.71043702E-02
 5  1 0.00000000E+00 0.00000000E+00 0.00000000E+00 4.54558479E-01 0.00000000E+00
 5  2 0.00000000E+00 1.87455547E-01 0.00000000E+00 0.00000000E+00 0.00000000E+00
 5  3 0.00000000E+00 0.00000000E+00 0.00000000E+00-1.63818679E-02 0.00000000E+00
 5  4-3.24994016E-01-1.15114523E-01-1.51070404E-02 0.00000000E+00-2.07799848E-02
 5  5 3.24994016E-01 1.15114523E-01-1.51070404E-02 0.00000000E+00 2.07799848E-02
 5  6 0.00000000E+00 0.00000000E+00 2.08849491E-02 0.00000000E+00 0.00000000E+00
 6  1 4.36576568E-10 1.62497116E-09 9.05885953E-10 0.00000000E+00 0.00000000E+00
 6  2 9.62782518E-01 0.00000000E+00 0.00000000E+00-8.71424453E-02 1.70391647E-02
 6  3 2.58424738E-10-1.70391650E-02 0.00000000E+00 0.00000000E+00 0.00000000E+00
 6  4 2.59889924E-01 1.41385579E-01-1.08009043E-02 0.00000000E+00 1.39468625E-02
 6  5 2.59889924E-01 1.41385579E-01 1.08009043E-02 0.00000000E+00 1.39468625E-02
 6  6-5.19779850E-01-2.82771160E-01 0.00000000E+00 0.00000000E+00-4.76085228E-03
 7  1 0.00000000E+00 0.00000000E+00 0.00000000E+00 9.62782518E-01 0.00000000E+00
 7  2 0.00000000E+00-8.71424455E-02 0.00000000E+00 0.00000000E+00 0.00000000E+00
 7  3 0.00000000E+00 0.00000000E+00 0.00000000E+00 1.96751328E-02 0.00000000E+00
 7  4 4.50142554E-01 2.44887008E-01 1.47505267E-03 0.00000000E+00-1.08009042E-02
 7  5-4.50142554E-01-2.44887008E-01 1.47505267E-03 0.00000000E+00 1.08009042E-02
 7  6 0.00000000E+00 0.00000000E+00 2.01827675E-02 0.00000000E+00 0.00000000E+00
 8  1 0.00000000E+00 0.00000000E+00 0.00000000E+00 0.00000000E+00 1.02152365E+00
 8  2 0.00000000E+00 0.00000000E+00-9.79628080E-01 0.00000000E+00 0.00000000E+00
 8  3 0.00000000E+00 0.00000000E+00 0.00000000E+00 0.00000000E+00 7.05291034E-12
 8  4 0.00000000E+00 0.00000000E+00 0.00000000E+00-4.54027286E-02 0.00000000E+00
 8  5 0.00000000E+00 0.00000000E+00 0.00000000E+00-4.54027286E-02 0.00000000E+00
 8  6 0.00000000E+00 0.00000000E+00 0.00000000E+00-4.54027286E-02 0.00000000E+00
 9  1 3.14935868E-01 1.00721551E+00 1.15763329E-01 0.00000000E+00 0.00000000E+00
 9  2-1.74270717E-09 0.00000000E+00 0.00000000E+00 1.37963890E-10-8.95034521E-02
 9  3 1.79006904E-01-8.95034519E-02 0.00000000E+00 0.00000000E+00 0.00000000E+00
 9  4-5.02845589E-01-7.52916404E-02-3.35566757E-02 0.00000000E+00-1.93739558E-02
 9  5-5.02845589E-01-7.52916404E-02 3.35566757E-02 0.00000000E+00-1.93739558E-02
 9  6-5.02845587E-01-7.52916400E-02 0.00000000E+00 0.00000000E+00 3.87479114E-02
10  1 0.00000000E+00 0.00000000E+00 0.00000000E+00-2.36403783E-01 0.00000000E+00
10  2 0.00000000E+00 6.65911940E-01 0.00000000E+00 0.00000000E+00 0.00000000E+00
10  3 0.00000000E+00 0.00000000E+00 0.00000000E+00 5.85631169E-01 0.00000000E+00
10  4 3.61340047E-01-1.43036199E-01 6.95716537E-02 0.00000000E+00-4.58354923E-02
10  5-3.61340047E-01 1.43036199E-01 6.95716537E-02 0.00000000E+00 4.58354923E-02
10  6 0.00000000E+00 0.00000000E+00 1.48961055E-01 0.00000000E+00 0.00000000E+00
11  1 3.85774064E-10 8.99290465E-10-1.31072842E-09 0.00000000E+00 0.00000000E+00
11  2 2.36403783E-01 0.00000000E+00 0.00000000E+00-6.65911939E-01-5.07171470E-01
11  3-9.64417607E-10 5.07171471E-01 0.00000000E+00 0.00000000E+00 0.00000000E+00
11  4-2.08619773E-01 8.25819873E-02 4.58354924E-02 0.00000000E+00-1.22497921E-01
11  5-2.08619773E-01 8.25819873E-02-4.58354924E-02 0.00000000E+00-1.22497921E-01
11  6 4.17239547E-01-1.65163976E-01 0.00000000E+00 0.00000000E+00-4.31085200E-02
12  1 3.93561165E-01 9.08776371E-01-1.28952756E+00 0.00000000E+00 0.00000000E+00
12  2-6.25803637E-10 0.00000000E+00 0.00000000E+00 1.17003761E-09 3.28607072E-01
12  3-6.57214142E-01 3.28607070E-01 0.00000000E+00 0.00000000E+00 0.00000000E+00
12  4 2.52330231E-01-3.39217320E-02 3.71344179E-02 0.00000000E+00 2.14395665E-02
12  5 2.52330231E-01-3.39217320E-02-3.71344179E-02 0.00000000E+00 2.14395665E-02
12  6 2.52330230E-01-3.39217318E-02 0.00000000E+00 0.00000000E+00-4.28791325E-02
13  1 0.00000000E+00 0.00000000E+00 0.00000000E+00 0.00000000E+00-7.28607452E-12
13  2 0.00000000E+00 0.00000000E+00 5.36996836E-11 0.00000000E+00 0.00000000E+00
13  3 0.00000000E+00 0.00000000E+00 0.00000000E+00 0.00000000E+00-7.92863410E-01
13  4 0.00000000E+00 0.00000000E+00 0.00000000E+00 1.36447497E-01 0.00000000E+00
13  5 0.00000000E+00 0.00000000E+00 0.00000000E+00 1.36447497E-01 0.00000000E+00
13  6 0.00000000E+00 0.00000000E+00 0.00000000E+00-2.72894994E-01 0.00000000E+00
14  1 0.00000000E+00 0.00000000E+00 0.00000000E+00 0.00000000E+00 0.00000000E+00
14  2 0.00000000E+00 0.00000000E+00 0.00000000E+00 0.00000000E+00 0.00000000E+00
14  3 0.00000000E+00 0.00000000E+00 7.92863410E-01 0.00000000E+00 0.00000000E+00
14  4 0.00000000E+00 0.00000000E+00 0.00000000E+00-2.36333997E-01 0.00000000E+00
14  5 0.00000000E+00 0.00000000E+00 0.00000000E+00 2.36333997E-01 0.00000000E+00
14  6 0.00000000E+00 0.00000000E+00 0.00000000E+00 0.00000000E+00 0.00000000E+00
15  1 3.32318510E-01 6.04456860E-01-2.19599207E+00 0.00000000E+00 0.00000000E+00
15  2-7.30961318E-10 0.00000000E+00 0.00000000E+00-1.09756847E-09-4.81084957E-01
15  3 9.62169915E-01-4.81084959E-01 0.00000000E+00 0.00000000E+00 0.00000000E+00
15  4 1.05001282E+00-6.42374847E-02 1.33885436E-01 0.00000000E+00 7.72987930E-02
15  5 1.05001282E+00-6.42374847E-02-1.33885436E-01 0.00000000E+00 7.72987930E-02
15  6 1.05001282E+00-6.42374861E-02 0.00000000E+00 0.00000000E+00-1.54597586E-01
16  1 0.00000000E+00 0.00000000E+00 0.00000000E+00 4.42460542E-10 0.00000000E+00
16  2 0.00000000E+00 1.04695651E-09 0.00000000E+00 0.00000000E+00 0.00000000E+00
16  3 0.00000000E+00 0.00000000E+00 0.00000000E+00-3.45123986E-10 0.00000000E+00
16  4 1.14571103E-09-4.64548650E-10 3.03934062E-01 0.00000000E+00-5.26429237E-01
16  5-1.14571103E-09 4.64548650E-10 3.03934062E-01 0.00000000E+00 5.26429237E-01
16  6 0.00000000E+00 0.00000000E+00-6.07868125E-01 0.00000000E+00 0.00000000E+00
17  1-1.34355337E-09-2.71534788E-09 5.92043103E-09 0.00000000E+00 0.00000000E+00
17  2-4.58528835E-01 0.00000000E+00 0.00000000E+00-1.22083702E+00 6.99735251E-01
17  3-1.12642781E-09-6.99735249E-01 0.00000000E+00 0.00000000E+00 0.00000000E+00
17  4-8.09154367E-01 2.86267964E-01-3.48016794E-01 0.00000000E+00 1.45518303E-01
17  5-8.09154367E-01 2.86267964E-01 3.48016794E-01 0.00000000E+00 1.45518303E-01
17  6 1.61830873E+00-5.72535931E-01 0.00000000E+00 0.00000000E+00-4.57264467E-01
18  1 0.00000000E+00 0.00000000E+00 0.00000000E+00-4.58528835E-01 0.00000000E+00
18  2 0.00000000E+00-1.22083702E+00 0.00000000E+00 0.00000000E+00 0.00000000E+00
18  3 0.00000000E+00 0.00000000E+00 0.00000000E+00 8.07984670E-01 0.00000000E+00
18  4-1.40149647E+00 4.95830660E-01-2.56336877E-01 0.00000000E+00-3.48016795E-01
18  5 1.40149647E+00-4.95830660E-01-2.56336877E-01 0.00000000E+00 3.48016795E-01
18  6 0.00000000E+00 0.00000000E+00 3.46445892E-01 0.00000000E+00 0.00000000E+00
19  1 5.23224902E-10 1.14237250E-09-8.98595448E-10 0.00000000E+00 0.00000000E+00
19  2 7.23816655E-01 0.00000000E+00 0.00000000E+00-6.07984253E-01 4.83919843E-01
19  3-1.47355148E-10-4.83919843E-01 0.00000000E+00 0.00000000E+00 0.00000000E+00
19  4-1.00858806E-01-1.49187637E-01 4.61865821E-01 0.00000000E+00-2.06482436E-01
19  5-1.00858806E-01-1.49187637E-01-4.61865821E-01 0.00000000E+00-2.06482436E-01
19  6 2.01717612E-01 2.98375275E-01 0.00000000E+00 0.00000000E+00 5.93492632E-01
20  1 0.00000000E+00 0.00000000E+00 0.00000000E+00 7.23816654E-01 0.00000000E+00
20  2 0.00000000E+00-6.07984252E-01 0.00000000E+00 0.00000000E+00 0.00000000E+00
20  3 0.00000000E+00 0.00000000E+00 0.00000000E+00 5.58782504E-01 0.00000000E+00
20  4-1.74692576E-01-2.58400567E-01 3.26834276E-01 0.00000000E+00 4.61865821E-01
20  5 1.74692576E-01 2.58400567E-01 3.26834276E-01 0.00000000E+00-4.61865821E-01
20  6 0.00000000E+00 0.00000000E+00-4.73140793E-01 0.00000000E+00 0.00000000E+00
21  1 0.00000000E+00 0.00000000E+00 0.00000000E+00 0.00000000E+00-9.10415424E-11
21  2 0.00000000E+00 0.00000000E+00-2.26107577E-09 0.00000000E+00 0.00000000E+00
21  3 0.00000000E+00 0.00000000E+00 0.00000000E+00 0.00000000E+00-8.38536503E-01
21  4 0.00000000E+00 0.00000000E+00 0.00000000E+00-4.55909879E-01 0.00000000E+00
21  5 0.00000000E+00 0.00000000E+00 0.00000000E+00-4.55909879E-01 0.00000000E+00
21  6 0.00000000E+00 0.00000000E+00 0.00000000E+00 9.11819764E-01 0.00000000E+00
22  1 0.00000000E+00 0.00000000E+00 0.00000000E+00 0.00000000E+00 0.00000000E+00
22  2 0.00000000E+00 0.00000000E+00 0.00000000E+00 0.00000000E+00 0.00000000E+00
22  3 0.00000000E+00 0.00000000E+00 8.38536503E-01 0.00000000E+00 0.00000000E+00
22  4 0.00000000E+00 0.00000000E+00 0.00000000E+00 7.89659078E-01 0.00000000E+00
22  5 0.00000000E+00 0.00000000E+00 0.00000000E+00-7.89659078E-01 0.00000000E+00
22  6 0.00000000E+00 0.00000000E+00 0.00000000E+00 0.00000000E+00 0.00000000E+00
23  1 0.00000000E+00 0.00000000E+00 0.00000000E+00 0.00000000E+00 4.05396531E-02
23  2 0.00000000E+00 0.00000000E+00 8.04668351E-01 0.00000000E+00 0.00000000E+00
23  3 0.00000000E+00 0.00000000E+00 0.00000000E+00 0.00000000E+00-2.31594882E-09
23  4 0.00000000E+00 0.00000000E+00 0.00000000E+00-7.11868950E-01 0.00000000E+00
23  5 0.00000000E+00 0.00000000E+00 0.00000000E+00-7.11868950E-01 0.00000000E+00
23  6 0.00000000E+00 0.00000000E+00 0.00000000E+00-7.11868946E-01 0.00000000E+00
24  1-6.34596444E-01-1.41644986E+00 7.28683865E-02 0.00000000E+00 0.00000000E+00
24  2 4.12543336E-10 0.00000000E+00 0.00000000E+00 2.18277293E-09-2.20838017E-01
24  3 4.41676034E-01-2.20838017E-01 0.00000000E+00 0.00000000E+00 0.00000000E+00
24  4 5.87871656E-01-2.68831776E-01 7.00051599E-01 0.00000000E+00 4.04174978E-01
24  5 5.87871656E-01-2.68831776E-01-7.00051599E-01 0.00000000E+00 4.04174978E-01
24  6 5.87871653E-01-2.68831776E-01 0.00000000E+00 0.00000000E+00-8.08349957E-01
25  1 0.00000000E+00 0.00000000E+00 0.00000000E+00 6.83558372E-01 0.00000000E+00
25  2 0.00000000E+00-7.23759075E-01 0.00000000E+00 0.00000000E+00 0.00000000E+00
25  3 0.00000000E+00 0.00000000E+00 0.00000000E+00-9.23054269E-01 0.00000000E+00
25  4 2.72925973E-01-2.57876900E-01 8.19245553E-01 0.00000000E+00-3.15613769E-02
25  5-2.72925973E-01 2.57876900E-01 8.19245553E-01 0.00000000E+00 3.15613769E-02
25  6 0.00000000E+00 0.00000000E+00 8.73911461E-01 0.00000000E+00 0.00000000E+00
26  1-1.75643728E-10-4.40988930E-10-1.31090854E-09 0.00000000E+00 0.00000000E+00
26  2 6.83558371E-01 0.00000000E+00 0.00000000E+00-7.23759075E-01-7.99388447E-01
26  3 3.62311154E-10 7.99388446E-01 0.00000000E+00 0.00000000E+00 0.00000000E+00
26  4 1.57573885E-01-1.48885298E-01-3.15613767E-02 0.00000000E+00 8.55689492E-01
26  5 1.57573885E-01-1.48885298E-01 3.15613767E-02 0.00000000E+00 8.55689492E-01
26  6-3.15147768E-01 2.97770596E-01 0.00000000E+00 0.00000000E+00 8.01023583E-01
27  1-2.67661423E-01-4.23851265E-01 4.03836454E+00 0.00000000E+00 0.00000000E+00
27  2 1.43907717E-08 0.00000000E+00 0.00000000E+00 1.46767547E-07 2.72055911E-01
27  3-5.44111877E-01 2.72055966E-01 0.00000000E+00 0.00000000E+00 0.00000000E+00
27  4-5.34046879E-01-1.01684192E+00-6.43898951E-01 0.00000000E+00-3.71755250E-01
27  5-5.34046879E-01-1.01684192E+00 6.43898951E-01 0.00000000E+00-3.71755250E-01
27  6-5.34046951E-01-1.01684212E+00 0.00000000E+00 0.00000000E+00 7.43510560E-01
28  1-1.61470970E-08-2.56633715E-08 2.41100222E-07 0.00000000E+00 0.00000000E+00
28  2-2.33693603E-01 0.00000000E+00 0.00000000E+00-2.44381782E+00 4.46282592E-01
28  3-3.23200634E-08-4.46282559E-01 0.00000000E+00 0.00000000E+00 0.00000000E+00
28  4-3.92533629E-01-1.09565561E+00-5.30966878E-01 0.00000000E+00-2.18045580E-02
28  5-3.92533629E-01-1.09565561E+00 5.30966878E-01 0.00000000E+00-2.18045580E-02
28  6 7.85067163E-01 2.19131105E+00 0.00000000E+00 0.00000000E+00-9.41466035E-01
29  1 0.00000000E+00 0.00000000E+00 0.00000000E+00-2.33693603E-01 0.00000000E+00
29  2 0.00000000E+00-2.44381782E+00 0.00000000E+00 0.00000000E+00 0.00000000E+00
29  3 0.00000000E+00 0.00000000E+00 0.00000000E+00 5.15322730E-01 0.00000000E+00
29  4-6.79888134E-01-1.89773109E+00-6.34912231E-01 0.00000000E+00-5.30966839E-01
29  5 6.79888134E-01 1.89773109E+00-6.34912231E-01 0.00000000E+00 5.30966839E-01
29  6 0.00000000E+00 0.00000000E+00 2.84749312E-01 0.00000000E+00 0.00000000E+00
 $END
 POPULATION ANALYSIS
N            7.32423  -0.32423   7.30122  -0.30122
H            0.89192   0.10808   0.89841   0.10159
H            0.89192   0.10808   0.89841   0.10159
H            0.89192   0.10808   0.90197   0.09803
 MOMENTS AT POINT    1 X,Y,Z=  0.000000  0.000000 -0.000000
 DIPOLE       0.000000 -0.000000 -0.000000
 $GRAD  
E=      -56.3693801774  GMAX=   0.0000017  GRMS=   0.0000009
N            7.    5.1909505677E-33    2.4651903288E-32    3.1913054449E-08
H            1.   -1.4864515050E-06    1.8203780777E-22   -8.5988868381E-07
H            1.    1.4864515050E-06    0.0000000000E+00   -8.5988868381E-07
H            1.   -1.0859563463E-34    1.3299129636E-50    1.6878643319E-06
 $END
----- RESULTS FROM SUCCESSFUL RHF      GEOMETRY SEARCH -----
----- COORDS, ORBS, GRADIENT, AND APPROX. HESSIAN -----
 COORDINATES OF SYMMETRY UNIQUE ATOMS (ANGS)
   ATOM   CHARGE       X              Y              Z
 ------------------------------------------------------------
 N           7.0   0.0000000000   0.0000000000   0.0000000000
 H           1.0   0.8684989910   0.0000000000  -0.5014281263
 H           1.0   0.0000000000   0.0000000000   1.0028562525
 $GRAD  
E=      -56.3693801774  GMAX=   0.0000017  GRMS=   0.0000009
N            7.    0.0000000000E+00    0.0000000000E+00    3.1913054449E-08
H            1.   -1.4864515050E-06    0.0000000000E+00   -8.5988868381E-07
H            1.    1.4864515050E-06    0.0000000000E+00   -8.5988868381E-07
H            1.    0.0000000000E+00    0.0000000000E+00    1.6878643319E-06
 $END
 CAUTION, APPROXIMATE HESSIAN!
 $HESS
ENERGY IS      -56.3693801774 E(NUC) IS       11.9950233005
 1  1 5.37159099E-01-3.28915085E-17 0.00000000E+00-2.68579549E-01 3.28915085E-17
 1  2-1.55064475E-01-2.68579549E-01 0.00000000E+00 1.55064475E-01 0.00000000E+00
 1  3 0.00000000E+00 0.00000000E+00
 2  1-3.28915085E-17 1.00000000E-05-1.89899213E-17 3.28915085E-17-4.02804807E-33
 2  2 1.89899213E-17 0.00000000E+00 0.00000000E+00 0.00000000E+00 0.00000000E+00
 2  3 0.00000000E+00 0.00000000E+00
 3  1 0.00000000E+00-1.89899213E-17 5.37159099E-01-1.55064475E-01 1.89899213E-17
 3  2-8.95265165E-02 1.55064475E-01 0.00000000E+00-8.95265165E-02 0.00000000E+00
 3  3 0.00000000E+00-3.58106066E-01
 4  1-2.68579549E-01 3.28915085E-17-1.55064475E-01 3.17942554E-01-3.65186433E-17
 4  2 1.72164321E-01-3.94904035E-02 2.41808981E-18 0.00000000E+00-9.87260088E-03
 4  3 1.20904491E-18-1.70998463E-02
 5  1 3.28915085E-17-4.02804807E-33 1.89899213E-17-3.65186433E-17 1.00000000E-05
 5  2-2.10840485E-17 2.41808981E-18-1.48065298E-34 0.00000000E+00 1.20904491E-18
 5  3-1.48065297E-34 2.09412721E-18
 6  1-1.55064475E-01 1.89899213E-17-8.95265165E-02 1.72164321E-01-2.10840485E-17
 6  2 1.19144319E-01 0.00000000E+00 0.00000000E+00 0.00000000E+00-1.70998463E-02
 6  3 2.09412721E-18-2.96178026E-02
 7  1-2.68579549E-01 0.00000000E+00 1.55064475E-01-3.94904035E-02 2.41808981E-18
 7  2 0.00000000E+00 3.17942554E-01-2.41808981E-18-1.72164321E-01-9.87260088E-03
 7  3 0.00000000E+00 1.70998463E-02
 8  1 0.00000000E+00 0.00000000E+00 0.00000000E+00 2.41808981E-18-1.48065298E-34
 8  2 0.00000000E+00-2.41808981E-18 1.00000000E-05 0.00000000E+00 0.00000000E+00
 8  3 0.00000000E+00 0.00000000E+00
 9  1 1.55064475E-01 0.00000000E+00-8.95265165E-02 0.00000000E+00 0.00000000E+00
 9  2 0.00000000E+00-1.72164321E-01 0.00000000E+00 1.19144319E-01 1.70998463E-02
 9  3 0.00000000E+00-2.96178026E-02
10  1 0.00000000E+00 0.00000000E+00 0.00000000E+00-9.87260088E-03 1.20904491E-18
10  2-1.70998463E-02-9.87260088E-03 0.00000000E+00 1.70998463E-02 1.97452018E-02
10  3-1.20904491E-18 0.00000000E+00
11  1 0.00000000E+00 0.00000000E+00 0.00000000E+00 1.20904491E-18-1.48065297E-34
11  2 2.09412721E-18 0.00000000E+00 0.00000000E+00 0.00000000E+00-1.20904491E-18
11  3 1.00000000E-05-2.09412721E-18
12  1 0.00000000E+00 0.00000000E+00-3.58106066E-01-1.70998463E-02 2.09412721E-18
12  2-2.96178026E-02 1.70998463E-02 0.00000000E+00-2.96178026E-02 0.00000000E+00
12  3-2.09412721E-18 4.17341671E-01
 $END
 $VIB   
         IVIB=   0 IATOM=   0 ICOORD=   0 E=      -56.3693801774
 0.000000000E+00 0.000000000E+00 3.191305445E-08-1.486451505E-06 0.000000000E+00
-8.598886838E-07 1.486451505E-06 0.000000000E+00-8.598886838E-07 0.000000000E+00
 0.000000000E+00 1.687864332E-06
 0.000000000E+00-4.506986131E-18-3.233212293E-09
 $END
 MOMENTS AT POINT    1 X,Y,Z=  0.008224  0.000000 -0.000000
 DIPOLE      -0.011156  0.000000  0.000071
 MOMENTS AT POINT    1 X,Y,Z=  0.000000  0.008224 -0.000000
 DIPOLE      -0.000000 -0.026573 -0.000000
 MOMENTS AT POINT    1 X,Y,Z=  0.000000  0.000000  0.008224
 DIPOLE       0.000000  0.000000 -0.011227
 MOMENTS AT POINT    1 X,Y,Z=  0.000592  0.000000 -0.000000
 DIPOLE       0.003861  0.000000 -0.000240
 MOMENTS AT POINT    1 X,Y,Z=  0.000000  0.000592 -0.000000
 DIPOLE      -0.000015  0.008858  0.000009
 MOMENTS AT POINT    1 X,Y,Z=  0.000000  0.000000  0.000592
 DIPOLE      -0.000264  0.000000  0.003568
 MOMENTS AT POINT    1 X,Y,Z=  0.000592  0.000000 -0.000000
 DIPOLE       0.003426  0.000000 -0.000003
 MOMENTS AT POINT    1 X,Y,Z=  0.000000  0.000592 -0.000000
 DIPOLE      -0.000000  0.008858 -0.000018
 MOMENTS AT POINT    1 X,Y,Z=  0.000000  0.000000  0.000592
 DIPOLE      -0.000000  0.000000  0.003999
 MOMENTS AT POINT    1 X,Y,Z= -0.008224  0.000000 -0.000000
 DIPOLE       0.011156  0.000000  0.000071
 MOMENTS AT POINT    1 X,Y,Z=  0.000000 -0.008224 -0.000000
 DIPOLE      -0.000000  0.026573 -0.000000
 MOMENTS AT POINT    1 X,Y,Z=  0.000000  0.000000 -0.008224
 DIPOLE       0.000000  0.000000  0.011085
 MOMENTS AT POINT    1 X,Y,Z= -0.000592  0.000000 -0.000000
 DIPOLE      -0.003870  0.000000  0.000267
 MOMENTS AT POINT    1 X,Y,Z=  0.000000 -0.000592 -0.000000
 DIPOLE      -0.000015 -0.008858  0.000009
 MOMENTS AT POINT    1 X,Y,Z=  0.000000  0.000000 -0.000592
 DIPOLE       0.000244  0.000000 -0.003579
 MOMENTS AT POINT    1 X,Y,Z= -0.000592  0.000000 -0.000000
 DIPOLE      -0.003426  0.000000 -0.000003
 MOMENTS AT POINT    1 X,Y,Z=  0.000000 -0.000592 -0.000000
 DIPOLE      -0.000000 -0.008858 -0.000018
 MOMENTS AT POINT    1 X,Y,Z=  0.000000  0.000000 -0.000592
 DIPOLE      -0.000000  0.000000 -0.004025
 $GRAD  
E=      -56.3693801774  GMAX=   0.0000017  GRMS=   0.0000009
N            7.    0.0000000000E+00    0.0000000000E+00    3.1913054449E-08
H            1.   -1.4864515050E-06    0.0000000000E+00   -8.5988868381E-07
H            1.    1.4864515050E-06    0.0000000000E+00   -8.5988868381E-07
H            1.    0.0000000000E+00    0.0000000000E+00    1.6878643319E-06
 $END
 $HESS
ENERGY IS      -56.3693801774 E(NUC) IS       11.9950233005
 1  1 8.74483335E-01 0.00000000E+00 6.72495393E-10-4.02667751E-01-2.19814015E-11
 1  2-1.92562683E-01-4.02667755E-01-2.19813751E-11 1.92562685E-01-6.91498605E-02
 1  3 0.00000000E+00-3.01260128E-09
 2  1 0.00000000E+00-8.54715262E-02 0.00000000E+00-1.11286312E-14 2.84914294E-02
 2  2 1.27663858E-13-1.99840144E-13 2.84914294E-02 1.22124533E-13 0.00000000E+00
 2  3 2.84914333E-02 3.88578059E-13
 3  1 6.72495393E-10 0.00000000E+00 8.74482234E-01-1.92561386E-01 3.72201090E-12
 3  2-1.80298055E-01 1.92561386E-01-3.72202269E-12-1.80298055E-01-2.39488984E-11
 3  3-2.70616862E-14-5.13891418E-01
 4  1-4.02667751E-01-1.11286312E-14-1.92561386E-01 4.08104181E-01 9.56246198E-09
 4  2 2.02787014E-01-1.15731828E-02-9.56741353E-09-1.90659714E-02 6.13730501E-03
 4  3-1.66532496E-13 8.84321220E-03
 5  1-2.19814015E-11 2.84914294E-02 3.72201090E-12 9.56246198E-09-9.49233633E-03
 5  2 5.51076964E-09-9.56741353E-09-9.49999861E-03 5.55075430E-09 2.67932116E-11
 5  3-9.50001386E-03-1.10654375E-08
 6  1-1.92562683E-01 1.27663858E-13-1.80298055E-01 2.02787014E-01 5.51076964E-09
 6  2 1.73929400E-01 1.90659714E-02-5.55075430E-09 1.20415721E-02-2.92916834E-02
 6  3-1.72086362E-13-5.66957242E-03
 7  1-4.02667755E-01-1.99840144E-13 1.92561386E-01-1.15731828E-02-9.56741353E-09
 7  2 1.90659714E-02 4.08104181E-01 9.56246193E-09-2.02787014E-01 6.13731131E-03
 7  3 8.88178420E-14-8.84321220E-03
 8  1-2.19813751E-11 2.84914294E-02-3.72202269E-12-9.56741353E-09-9.49999861E-03
 8  2-5.55075430E-09 9.56246193E-09-9.49233633E-03-5.51076962E-09 2.67932107E-11
 8  3-9.50001386E-03 1.10654375E-08
 9  1 1.92562685E-01 1.22124533E-13-1.80298055E-01-1.90659714E-02 5.55075430E-09
 9  2 1.20415721E-02-2.02787014E-01-5.51076962E-09 1.73929400E-01 2.92916798E-02
 9  3-4.44089210E-14-5.66957242E-03
10  1-6.91498605E-02 0.00000000E+00-2.39488984E-11 6.13730501E-03 2.67932116E-11
10  2-2.92916834E-02 6.13731131E-03 2.67932107E-11 2.92916798E-02 5.68761686E-02
10  3 0.00000000E+00 3.62382346E-09
11  1 0.00000000E+00 2.84914333E-02-2.70616862E-14-1.66532496E-13-9.50001386E-03
11  2-1.72086362E-13 8.88178420E-14-9.50001386E-03-4.44089210E-14 0.00000000E+00
11  3-9.49233270E-03 7.77156117E-14
12  1-3.01260128E-09 3.88578059E-13-5.13891418E-01 8.84321220E-03-1.10654375E-08
12  2-5.66957242E-03-8.84321220E-03 1.10654375E-08-5.66957242E-03 3.62382346E-09
12  3 7.77156117E-14 5.25229169E-01
 $END
 $DIPDR
 -2.10814861E+00 0.00000000E+00-1.75132637E-07
  0.00000000E+00-5.02149999E+00 0.00000000E+00
  0.00000000E+00 0.00000000E+00-2.10815023E+00
  7.30424304E-01 0.00000000E+00 4.79480661E-02
  1.02067287E-08 1.67391306E+00 8.82759368E-09
  4.79956530E-02-1.49408904E-17 6.75265827E-01
  7.30424304E-01 4.75784517E-17-4.79480661E-02
  1.02067286E-08 1.67391306E+00-8.82759368E-09
 -4.79956530E-02 9.06311808E-18 6.75265827E-01
  6.47456827E-01 3.32018488E-17-5.81351581E-09
  2.13306762E-13 1.67391171E+00 2.02641441E-12
 -4.26613524E-13 3.06460849E-17 7.58100516E-01
 $END
----- START OF NORMAL MODES FOR -MOLPLT- PROGRAM -----
ATOMIC MASSES
    14.00307     1.00782     1.00782     1.00782
MODE     1   FREQUENCY= 953.07050 (CM**-1)
  2.114506039E-11 -1.126073499E-01  2.462246063E-13
 -5.597679699E-11  5.215520023E-01  1.643660094E-10
 -5.614730941E-11  5.215520023E-01 -1.634540535E-10
 -1.769599784E-10  5.215521899E-01  2.383034055E-13
MODE     2   FREQUENCY=  16.52329 (CM**-1)
  6.612428683E-03  3.497378235E-08 -4.073164678E-10
 -2.808525852E-01  9.097717625E-08  4.979154530E-01
 -2.808525923E-01  9.097717209E-08 -4.979154500E-01
  5.814054428E-01 -7.721615445E-08 -4.458932151E-09
MODE     3   FREQUENCY=   0.01385 (CM**-1)
  6.542731032E-07 -5.531380894E-04  2.423463899E-01
  1.084980300E-06 -5.529255507E-04  2.423416073E-01
  2.647089880E-07 -5.529508449E-04  2.423416786E-01
  6.131213227E-07 -5.534841786E-04  2.423469169E-01
MODE     4   FREQUENCY=   0.01138 (CM**-1)
  5.531130915E-10  2.423472469E-01  5.531361333E-04
  4.296633918E-08  2.422589038E-01  5.530534704E-04
  4.109409760E-08  2.422589038E-01  5.531971270E-04
 -8.261069817E-08  2.425004070E-01  5.531373358E-04
MODE     5   FREQUENCY=   0.45038 (CM**-1)
  2.422566696E-01 -5.061508232E-13 -6.545528937E-07
  2.500922918E-01 -2.941568678E-09 -1.357270830E-02
  2.500922914E-01 -2.941569002E-09  1.357140019E-02
  2.265823013E-01  5.884325104E-09 -6.547235471E-07
MODE     6   FREQUENCY=  14.17395 (CM**-1)
 -1.177007697E-14  1.062718546E-11 -4.341329361E-09
 -2.608940404E-08  7.043563699E-01 -1.954172838E-08
  2.608938351E-08 -7.043563440E-01 -1.954172261E-08
 -1.506389601E-14 -2.586294038E-08  2.588791990E-08
MODE     7   FREQUENCY=  14.19497 (CM**-1)
 -8.635720484E-10 -4.795714154E-05 -1.039111066E-09
 -4.050229830E-08 -4.067083551E-01  6.759647658E-08
 -4.050251783E-08 -4.067083999E-01 -6.967402686E-08
  7.878025374E-08  8.132725955E-01 -1.039245253E-09
MODE     8   FREQUENCY=1565.29654 (CM**-1)
  1.621532817E-07  2.009450211E-14 -7.710641000E-02
 -3.629740440E-01  1.159379989E-10  5.666938300E-01
  3.629734228E-01 -1.158910091E-10  5.666923024E-01
 -1.633672560E-06 -3.260013753E-13 -6.201937252E-02
MODE     9   FREQUENCY=1565.43234 (CM**-1)
 -7.710468188E-02  1.240700517E-11 -1.622540240E-07
  1.475084227E-01  3.305595178E-10 -3.629294175E-01
  1.475099380E-01  3.305580962E-10  3.629318097E-01
  7.763226476E-01 -5.723056573E-11 -1.377228240E-07
MODE    10   FREQUENCY=3676.60654 (CM**-1)
 -4.227945447E-10  9.631507088E-15  2.733210988E-05
 -4.981806723E-01 -3.699459175E-08 -2.876099774E-01
  4.981806673E-01  3.699457702E-08 -2.876099724E-01
  1.395954553E-08  4.465738273E-13  5.748293572E-01
MODE    11   FREQUENCY=3915.68480 (CM**-1)
 -8.207168471E-02 -1.855585655E-13  7.245741673E-08
  5.770045395E-01 -2.495392052E-11  3.410207306E-01
  5.770051457E-01 -2.495392290E-11 -3.410210564E-01
 -1.367749471E-02  6.402055976E-13 -6.809660903E-07
MODE    12   FREQUENCY=3915.81259 (CM**-1)
 -7.250780915E-08  4.969707277E-14 -8.206968824E-02
  3.408582021E-01 -3.428520876E-11  1.831056553E-01
 -3.408571833E-01  3.429322697E-11  1.831050532E-01
 -1.206748242E-08 -1.059370267E-13  7.740983327E-01
----- END OF NORMAL MODES FOR -MOLPLT- PROGRAM -----
