#    time[fs]         Re(autocorrel)     Im(autocorrel)     Abs(autocorrel)
     0.00000000       1.00000000000000   0.00000000000000   1.00000000000000
    0.200000000      -0.08029674952140   0.68046781914857   0.68518904025131
    0.400000000      -0.03282648445378  -0.20623546469766   0.20883161872823
    0.600000000       0.27933392145290   0.36299018618663   0.45802763556587
    0.800000000      -0.25745246667305   0.20735918417779   0.33057465701248
     1.00000000      -0.08930967322715   0.11650378051825   0.14679696388885
     1.20000000      -0.36618672261618  -0.10179929834777   0.38007343101627
     1.40000000       0.25158458778023  -0.28808480654642   0.38247569932146
     1.60000000      -0.03252809512126   0.35185858920830   0.35335894466091
     1.80000000      -0.24132739345843  -0.33923148329501   0.41631347575112
     2.00000000       0.40847058385837   0.03124512240104   0.40966385677950
     2.20000000      -0.25137751348465   0.21064593260270   0.32796701542653
     2.40000000       0.07786659527243  -0.24534746339801   0.25740742890437
     2.60000000       0.03966963555789   0.22435334546983   0.22783349975102
     2.80000000      -0.13226126328392  -0.16850014554568   0.21420863851483
     3.00000000       0.19254356482179   0.08600830165024   0.21088018471881
     3.20000000      -0.21749232181601   0.02105965285865   0.21850953990031
     3.40000000       0.17938770558489  -0.14032319820968   0.22775106777094
     3.60000000      -0.07173157549038   0.22048742858954   0.23186229768627
     3.80000000      -0.06344712439220  -0.22220606031447   0.23108671713042
     4.00000000       0.17316923136968   0.14849782546959   0.22812099171791
     4.20000000      -0.22287234492822  -0.02993646197039   0.22487390664349
     4.40000000       0.20141462588050  -0.09373209989301   0.22215660707918
     4.60000000      -0.11904219786171   0.18543522252435   0.22035713427162
     4.80000000       0.00197339767312  -0.21976129626235   0.21977015637544
     5.00000000       0.11567714917022   0.18776604221989   0.22053863482635
     5.20000000      -0.19983889571464  -0.09800647997666   0.22257774901787
     5.40000000       0.22429211452075  -0.02469307375778   0.22564729231213
     5.60000000      -0.17864059517567   0.14407291644663   0.22949829519662
     5.80000000       0.07351166700830  -0.22211781241829   0.23396642447118
     6.00000000       0.06059556536396   0.23115214807920   0.23896262909377
     6.20000000      -0.18134734375635  -0.16384808211433   0.24440346376438
     6.40000000       0.24730590857122   0.03768064432751   0.25016003551961
     6.60000000      -0.23209086800771   0.10819191472325   0.25606964174626
     6.80000000       0.13548007559333  -0.22423196796126   0.26198249242755
     7.00000000       0.01366243164579   0.26743040423453   0.26777916862131
     7.20000000      -0.16518397321609  -0.21777776115381   0.27333660248971
     7.40000000       0.26428353373401   0.08782161535081   0.27849312796864
     7.60000000      -0.27180011097803   0.07906892656219   0.28306747512804
     7.80000000       0.18072064099427  -0.22283883298943   0.28690955991300
     8.00000000      -0.02120790010704   0.28913852884305   0.28991527018850
     8.20000000      -0.14923547262265  -0.25097888908020   0.29199594013074
     8.40000000       0.26715267615450   0.12047838751749   0.29306244084721
     8.60000000      -0.28791829915705   0.05461809970187   0.29305303923443
     8.80000000       0.20373682058918  -0.20912431825042   0.29196176555757
     9.00000000      -0.04677340875627   0.28603046468768   0.28982956801563
     9.20000000      -0.12392559340177  -0.25855599726683   0.28672069409553
     9.40000000       0.24583584258957   0.13962258444858   0.28271845993820
     9.60000000      -0.27684491742641   0.02459060105436   0.27793489519140
     9.80000000       0.20999291447736  -0.17368087115400   0.27251067710369
     10.0000000      -0.07376904315293   0.25619277867472   0.26660197218471
     10.2000000      -0.08083904765628  -0.24750008033901   0.26036751217038
     10.4000000       0.20022070988584   0.15623374054152   0.25396321456224
     10.6000000      -0.24686531045613  -0.01827264166459   0.24754064502623
     10.8000000       0.21042539224725  -0.11798297495335   0.24124433274432
     11.0000000      -0.10834887250954   0.20876569754384   0.23520755652201
     11.2000000      -0.02258972634343  -0.22843458481802   0.22954880805017
     11.4000000       0.13973140885001   0.17554821892977   0.22437032733547
     11.6000000      -0.20803236068644  -0.07082606942564   0.21975849290314
     11.8000000       0.20964162176506  -0.05112364683172   0.21578516362730
     12.0000000      -0.14746256547376   0.15301950136493   0.21250923747940
     12.2000000       0.04262458996797  -0.20560625821016   0.20997806810503
     12.4000000       0.07264407240359   0.19514606733253   0.20822859758143
     12.6000000      -0.16441019199293  -0.12624441527551   0.20728811741007
     12.8000000       0.20622360640833   0.01982769515962   0.20717459625978
     13.0000000      -0.18600012910911   0.09287076537859   0.20789667407299
     13.2000000       0.10916356775557  -0.17875743747608   0.20945382779539
     13.4000000       0.00260450509116   0.21182173582923   0.21183774738341
     13.6000000      -0.11683083041540  -0.18052968045008   0.21503583063983
     13.8000000       0.19888021732325   0.09177733426610   0.21903520248474
     14.0000000      -0.22180955175879   0.02993457992211   0.22382036620145
     14.2000000       0.17490817423635  -0.14836523013726   0.22935804090630
     14.4000000      -0.06848093605013   0.22541839119955   0.23559093720535
     14.6000000      -0.06711050507770  -0.23304156233963   0.24251224643197
     14.8000000       0.18949484845103   0.16356382881469   0.25032263917992
     15.0000000      -0.25715367658768  -0.03336669945321   0.25930937124401
     15.2000000       0.24089561622119  -0.11985654162843   0.26906558398598
     15.4000000      -0.13640326966965   0.24271555823113   0.27841820016662
     15.6000000      -0.02487278691728  -0.28710745646033   0.28818283620672
     15.8000000       0.19311442223668   0.23089834524082   0.30101034186678
     16.0000000      -0.30204222390139  -0.07151687686815   0.31039357064261
     16.2000000       0.27910742823426  -0.12017544479948   0.30388006520385
     16.4000000      -0.16543014139174   0.24833072446858   0.29838780202277
     16.6000000      -0.00954749889749  -0.31254951043580   0.31269530090626
     16.8000000       0.19136223096951   0.21656909094281   0.28900116711429
     17.0000000      -0.21710913547003  -0.10339750449740   0.24047332625643
     17.2000000       0.32390270348394   0.01430713597967   0.32421853041451
     17.4000000      -0.26771632854217   0.26611301864652   0.37747605389118
     17.6000000       0.05874454114796  -0.31166935680495   0.31715723085860
     17.8000000       0.10440466343923   0.41493384853018   0.42786730700525
     18.0000000      -0.52271538938861  -0.18128201858607   0.55325812110291
     18.2000000       0.32600805452453  -0.29768725988983   0.44147361904827
     18.4000000      -0.06667986879894   0.25052249869577   0.25924453177611
     18.6000000      -0.06367557503703  -0.26991390074868   0.27732308355718
     18.8000000       0.17690666932153   0.04203563982998   0.18183224319783
     19.0000000       0.04863427103509  -0.06974738756263   0.08502935017349
     19.2000000       0.19743617756875   0.27598770338757   0.33933796815874
     19.4000000      -0.44673999003732   0.05821537307987   0.45051708997703
     19.6000000       0.24669947747636  -0.39156988680036   0.46280407132604
     19.8000000       0.11394008495108   0.47031192168456   0.48391698320816
     20.0000000      -0.44211893092612  -0.20249097701710   0.48628360537508
     20.2000000       0.34351754477927  -0.20894490155583   0.40207247537895
     20.4000000      -0.02089305805692   0.24389186721567   0.24478513592315
     20.6000000      -0.03761599667255  -0.06956195978045   0.07908115739016
     20.8000000      -0.05687171581854   0.06633786295812   0.08737908286310
     21.0000000       0.02845840927049  -0.18677551234949   0.18893113314545
     21.2000000       0.15010329904329   0.22305536836415   0.26885813683009
     21.4000000      -0.31805565338863  -0.06023531705593   0.32370927091033
     21.6000000       0.27899030373414  -0.19915430596884   0.34277985233032
     21.8000000      -0.05501639872182   0.31846301417848   0.32318028332180
     22.0000000      -0.14091718010368  -0.24045401379184   0.27870375741453
     22.2000000       0.21002157743254   0.10337127604540   0.23408264288175
     22.4000000      -0.20794723987426   0.00590519433553   0.20803106953401
     22.6000000       0.17779975398662  -0.09389571174498   0.20107003059083
     22.8000000      -0.12012497625559   0.16971701884067   0.20792757490186
     23.0000000       0.02368830903828  -0.22561119389467   0.22685137600568
     23.2000000       0.11389544306214   0.22282955160601   0.25025023680160
     23.4000000      -0.23697715818050  -0.12282510110387   0.26691605227202
     23.6000000       0.27156484897906  -0.03904943986391   0.27435802513268
     23.8000000      -0.20457771755884   0.19005501993590   0.27923637500229
     24.0000000       0.06130644807573  -0.27872446501046   0.28538711949040
     24.2000000       0.11167730064623   0.26708236061955   0.28949059886936
     24.4000000      -0.24484406354819  -0.15645181785575   0.29056115839038
     24.6000000       0.29272518288520  -0.00825956061172   0.29284168596133
     24.8000000      -0.24044727690732   0.17516854570603   0.29748766760474
     25.0000000       0.09795380912438  -0.28477400578715   0.30114976854388
     25.2000000       0.08333771520434   0.29114767206953   0.30284012568843
     25.4000000      -0.23595713673723  -0.19212805027944   0.30428433755521
     25.6000000       0.30471840022021   0.02184536806402   0.30550044768971
     25.8000000      -0.26126985839558   0.15769186842138   0.30516989411191
     26.0000000       0.12195889039378  -0.27757402287522   0.30318527193981
     26.2000000       0.05907609947319   0.29432384176406   0.30019411946226
     26.4000000      -0.21445116160564  -0.20449373972830   0.29632244312923
     26.6000000       0.28805796966252   0.04412194097345   0.29141746612267
     26.8000000      -0.25651669423039   0.12553868494636   0.28558847287128
     27.0000000       0.13665587490623  -0.24336149983079   0.27910508369837
     27.2000000       0.02421034096778   0.27109245808606   0.27217138247971
     27.4000000      -0.16787917017319  -0.20495080103011   0.26493064492603
     27.6000000       0.24670256666272   0.07390994923252   0.25753608872064
     27.8000000      -0.23910632846603   0.07352823288814   0.25015642575029
     28.0000000       0.15410853337040  -0.18781742074841   0.24295024921609
     28.2000000      -0.02494281086846   0.23473242289372   0.23605392216944
     28.4000000      -0.10426871043251  -0.20453983575916   0.22958333647641
     28.6000000       0.19342181882521   0.11225749293379   0.22363752976062
     28.8000000      -0.21808806623154   0.00961775249617   0.21830003617886
     29.0000000       0.17501480854214  -0.12252168351403   0.21363928978574
     29.2000000      -0.08092635687545   0.19346575188446   0.20970949522936
     29.4000000      -0.03398047020326  -0.20373787205842   0.20655215531707
     29.6000000       0.13538110920785   0.15286831839839   0.20419786360367
     29.8000000      -0.19433157898233  -0.05752866205326   0.20266797859406
     30.0000000       0.19468194425516  -0.05378874841781   0.20197596113232
     30.2000000      -0.13689838508105   0.14871002794402   0.20212827671781
     30.4000000       0.03766881399493  -0.19960148899779   0.20312482358865
     30.6000000       0.07449217330149   0.19094254781116   0.20495887501593
     30.8000000      -0.16667479083268  -0.12379070994717   0.20761653539239
     31.0000000       0.21045418064892   0.01618621390058   0.21107571076049
     31.2000000      -0.19018916820291   0.10091655588438   0.21530460039971
     31.4000000       0.10856017920944  -0.19164824858568   0.22025976413305
     31.6000000       0.01253788402412   0.22553578390200   0.22588401527353
     31.8000000      -0.13676448884701  -0.18753162190770   0.23210479233509
     32.0000000       0.22333589709604   0.08463278204939   0.23883389778068
     32.2000000      -0.24002645866444   0.05373746211142   0.24596832254006
     32.4000000       0.17529176801800  -0.18297130116625   0.25338843893388
     32.6000000      -0.04498695009685   0.25704192826187   0.26094899609617
     32.8000000      -0.10982825400063  -0.24498039492075   0.26847279056238
     33.0000000       0.23497332226507   0.14436692319805   0.27577938771771
     33.2000000      -0.28237922561230   0.01434995807247   0.28274360886514
     33.4000000       0.22926856117164  -0.17636522691967   0.28925553824972
     33.6000000      -0.08914530639215   0.28123787511836   0.29502818179429
     33.8000000      -0.08947856973339  -0.28601659309848   0.29968634598392
     34.0000000       0.24019215500574   0.18537855445038   0.30340975557225
     34.2000000      -0.30645892134980  -0.01410791930828   0.30678348042568
     34.4000000       0.26046545047592  -0.16651659987505   0.30914402618452
     34.6000000      -0.11685892796195   0.28629746383810   0.30922847030075
     34.8000000      -0.06757117734010  -0.30136212201109   0.30884460913241
     35.0000000       0.22925134919261   0.20929293054775   0.31041860750267
     35.2000000      -0.30814605031158  -0.03647138561293   0.31029687444631
     35.4000000       0.26763545849512  -0.14666882555433   0.30518925772933
     35.6000000      -0.13436592519707   0.26916837688202   0.30084184710138
     35.8000000      -0.04655256868630  -0.29545157496405   0.29909659777408
     36.0000000       0.20633218401679   0.20298517686487   0.28944075764826
     36.2000000      -0.26571713680838  -0.04443428046955   0.26940675951893
     36.4000000       0.23239109332070  -0.09779410403293   0.25212954416013
     36.6000000      -0.14045968690672   0.19697099118480   0.24192249794977
     36.8000000       0.01891959240454  -0.23010517163936   0.23088166014635
     37.0000000       0.08837751332720   0.21115837187351   0.22890706165204
     37.2000000      -0.19824681775609  -0.15951933910746   0.25445671596501
     37.4000000       0.29309169276695   0.01783303177877   0.29363371296807
     37.6000000      -0.25557948404961   0.19146812026774   0.31934450636566
     37.8000000       0.06296372596384  -0.31656989778079   0.32277070958839
     38.0000000       0.15981611459854   0.26227702230903   0.30713258849667
     38.2000000      -0.25972822611487  -0.06739122678658   0.26832877014696
     38.4000000       0.16733688368392  -0.09693586460646   0.19338612796178
     38.6000000      -0.04164790417532   0.07225662470570   0.08340004637923
     38.8000000       0.09600944849357  -0.00380654701626   0.09608487914457
     39.0000000      -0.18571864241119   0.14048534148080   0.23286808564084
     39.2000000       0.02657796912159  -0.34318903487940   0.34421664995186
     39.4000000       0.29183115714086   0.29725296526144   0.41656302000405
     39.6000000      -0.45926125547268   0.02678670109711   0.46004176781462
     39.8000000       0.27076850260117  -0.38413584848548   0.46997439514567
     40.0000000       0.14240557087574   0.38610732842528   0.41153154882725
     40.2000000      -0.25653023583398  -0.05993591195808   0.26343894062815
     40.4000000       0.06825016261170  -0.02566996364807   0.07291797947157
     40.6000000      -0.08257992686440  -0.07986240906410   0.11488014929678
     40.8000000       0.19074682263062   0.03910482513665   0.19471398946312
     41.0000000      -0.28524596865634   0.09909330002090   0.30196811875383
     41.2000000       0.16776486967741  -0.42584077210517   0.45769576651418
     41.4000000       0.30520830002345   0.40198515591085   0.50472187586420
     41.6000000      -0.39923020517217  -0.01661148105604   0.39957564743699
     41.8000000       0.30312420154573  -0.14699493204923   0.33688542801804
     42.0000000      -0.15717823430745   0.33648229417750   0.37138299858093
     42.2000000      -0.10701653781387  -0.27367986963072   0.29385916764116
     42.4000000       0.12272454695172   0.17246646305587   0.21167426698469
     42.6000000      -0.25154673636285  -0.15339941643487   0.29463051698247
     42.8000000       0.31250297544604  -0.06535282831577   0.31926337377078
     43.0000000      -0.20953754218327   0.21294375100681   0.29874909652927
     43.2000000       0.06980349681271  -0.31845985424003   0.32602025539814
     43.4000000       0.15850343551944   0.30474959822633   0.34350495875690
     43.6000000      -0.29787812569125  -0.13357304868555   0.32645541364861
     43.8000000       0.30719788970656  -0.05659956856753   0.31236845967894
     44.0000000      -0.21582275853882   0.21876625399656   0.30730788631435
     44.2000000       0.04739668421069  -0.29400886675121   0.29780473368047
     44.4000000       0.12240675710364   0.25844292626650   0.28596531314448
     44.6000000      -0.23777526072355  -0.14152117054495   0.27670438436094
     44.8000000       0.26853300925789  -0.01473443676947   0.26893694556161
     45.0000000      -0.20853473034241   0.15703226158845   0.26104762963598
     45.2000000       0.08412700698639  -0.23879208597008   0.25317783004527
     45.4000000       0.05934811509146   0.23846164639236   0.24573594683128
     45.6000000      -0.17510259330981  -0.16233812983363   0.23877727400592
     45.8000000       0.22887014282025   0.03967649246230   0.23228380556696
     46.0000000      -0.20838864880303   0.08830062799643   0.22632461168533
     46.2000000       0.12496001745341  -0.18228700222200   0.22100578531124
     46.4000000      -0.00755322427686   0.21627989206585   0.21641174392577
     46.6000000      -0.10720526237198  -0.18358620742355   0.21259554049041
     46.8000000       0.18581752781398   0.09695184328789   0.20958963132707
     47.0000000      -0.20676926928609   0.01634827532615   0.20741455307486
     47.2000000       0.16557930222440  -0.12269205711713   0.20608213460839
     47.4000000      -0.07524666747706   0.19133140557703   0.20559612770304
     47.6000000      -0.03765389664511  -0.20248095958509   0.20595231226442
     47.8000000       0.14015659639649   0.15252049526305   0.20713853574054
     48.0000000      -0.20172520800813  -0.05517430593142   0.20913455855247
     48.2000000       0.20272656142933  -0.06171259238687   0.21191154467859
     48.4000000      -0.14050350446841   0.16330756380175   0.21543118428577
     48.6000000       0.03127939760771  -0.21740590564351   0.21964455040674
     48.8000000       0.09313968437997   0.20425749572749   0.22449081354761
     49.0000000      -0.19369678830047  -0.12382925350709   0.22989591084237
     49.2000000       0.23576164676411  -0.00212510671454   0.23577122420574
     49.4000000      -0.20100921903126   0.13477869355555   0.24201240127749
     49.6000000       0.09553341634802  -0.22940143892446   0.24849880043923
     49.8000000       0.04937932017094   0.25026966780752   0.25509453911253
     50.0000000      -0.18549176230303  -0.18453884222371   0.26165201732750
