#    time[fs]         Re(autocorrel)     Im(autocorrel)     Abs(autocorrel)
     0.00000000       1.00000000000000   0.00000000000000   1.00000000000000
    0.200000000      -0.08348217187381   0.68322055214048   0.68830196562840
    0.400000000      -0.03757497649488  -0.20323053309033   0.20667493422950
    0.600000000       0.26705527849068   0.36439076534053   0.45177334099656
    0.800000000      -0.26959733879994   0.19888304667394   0.33501819553916
     1.00000000      -0.09956679832027   0.10344570449367   0.14357771799949
     1.20000000      -0.36534106548942  -0.12534807477732   0.38624633847239
     1.40000000       0.26669955608510  -0.29727926374678   0.39937903534089
     1.60000000      -0.02751260612382   0.34495733559964   0.34605275158526
     1.80000000      -0.21890389769315  -0.34584922729448   0.40930502616684
     2.00000000       0.42061990296602   0.05205466310731   0.42382872805222
     2.20000000      -0.25780851376337   0.21878765715165   0.33813202849004
     2.40000000       0.07598004590152  -0.23662115118370   0.24852069644740
     2.60000000       0.02543690243343   0.22404003684611   0.22547943169037
     2.80000000      -0.12972578256146  -0.17563481870711   0.21834918869431
     3.00000000       0.18582900803577   0.08867433279636   0.20590181525290
     3.20000000      -0.21516860546654   0.00420680476198   0.21520972558117
     3.40000000       0.19538939261976  -0.13167661152119   0.23561779383150
     3.60000000      -0.08122853476531   0.22620940600460   0.24035134745840
     3.80000000      -0.05833770972357  -0.22469305198010   0.23214274915216
     4.00000000       0.16617397266926   0.15658540111201   0.22832603231803
     4.20000000      -0.22539466296270  -0.04021765074381   0.22895461018162
     4.40000000       0.20518689611546  -0.08922448687081   0.22374689136356
     4.60000000      -0.12439357404819   0.17844001855090   0.21751919796866
     4.80000000       0.01396003019855  -0.21909784124918   0.21954212917615
     5.00000000       0.10894918518902   0.19385755784748   0.22237508333430
     5.20000000      -0.19424167814040  -0.10369760018781   0.22018860509007
     5.40000000       0.22206185584282  -0.01253320357466   0.22241526254329
     5.60000000      -0.18589930001918   0.13498861759382   0.22974001964723
     5.80000000       0.08050467703723  -0.21779771774208   0.23220001911828
     6.00000000       0.04979737675459   0.22776505763336   0.23314523415752
     6.20000000      -0.16879081202435  -0.16881782848560   0.23872535985612
     6.40000000       0.23957181036906   0.04868065287426   0.24446770397698
     6.60000000      -0.23083091601387   0.09472961622642   0.24951274912960
     6.80000000       0.13938987082629  -0.21041654006820   0.25239781382422
     7.00000000      -0.00114402898616   0.25405307927114   0.25405565510232
     7.20000000      -0.14468962202476  -0.21950887572780   0.26290536937261
     7.40000000       0.24928651116530   0.09511405960948   0.26681538371009
     7.60000000      -0.25533737274247   0.05965032608197   0.26221238590256
     7.80000000       0.18533770733360  -0.19386486260202   0.26820449420428
     8.00000000      -0.03790114272341   0.27134137657291   0.27397561800318
     8.20000000      -0.12333113793447  -0.23843543913948   0.26844371518411
     8.40000000       0.23247456228962   0.12926485860579   0.26599591309290
     8.60000000      -0.26740866085324   0.02557408230834   0.26862878770756
     8.80000000       0.20107227916226  -0.17425596340703   0.26607367819914
     9.00000000      -0.06484420780550   0.25084219319531   0.25908797188012
     9.20000000      -0.08418384268878  -0.24019372219716   0.25451904359551
     9.40000000       0.20277431153780   0.14938746034786   0.25186114176032
     9.60000000      -0.24594779223722  -0.00740507569522   0.24605924419216
     9.80000000       0.20137423713845  -0.12681693566608   0.23797923975597
     10.0000000      -0.09603802216278   0.21098266483249   0.23181239518359
     10.2000000      -0.03582231373864  -0.22403630964048   0.22688214164829
     10.4000000       0.14947483310660   0.16196893414082   0.22040113738128
     10.6000000      -0.20659801093923  -0.05250771220465   0.21316612762118
     10.8000000       0.19690532186299  -0.06515134204582   0.20740396126482
     11.0000000      -0.12793649357890   0.15746291368127   0.20288498114513
     11.2000000       0.02227458718628  -0.19687439050688   0.19813046931700
     11.4000000       0.08407672063522   0.17368197605539   0.19296197490511
     11.6000000      -0.15947357492126  -0.10124147338541   0.18889588939788
     11.8000000       0.18690642915768   0.00217866662289   0.18691912649252
     12.0000000      -0.15787374078205   0.09667414950955   0.18512160655070
     12.2000000       0.08169377107151  -0.16260841657826   0.18197628794426
     12.4000000       0.01364362083859   0.18011120070129   0.18062722111478
     12.6000000      -0.10696867323864  -0.14823860836251   0.18280312377990
     12.8000000       0.17033878581665   0.06802511149879   0.18341951299661
     13.0000000      -0.17915537684968   0.03052556129981   0.18173733503829
     13.2000000       0.14126301330821  -0.11969606473858   0.18515503461375
     13.4000000      -0.05702499588169   0.18301210330069   0.19169058430149
     13.6000000      -0.05188973038656  -0.18510986842493   0.19224517551264
     13.8000000       0.14005698261603   0.13334402166910   0.19338197044812
     14.0000000      -0.19964026464834  -0.04242789597384   0.20409890157868
     14.2000000       0.19469597317709  -0.07965144282502   0.21035891784159
     14.4000000      -0.12250278890273   0.17052902482621   0.20996923964506
     14.6000000       0.01576751975883  -0.22164075842902   0.22220090116005
     14.8000000       0.11838817325232   0.19632725696829   0.22926000827601
     15.0000000      -0.20266949852373  -0.10633960500507   0.22887340873176
     15.2000000       0.25447170747828  -0.02533304571632   0.25572957027331
     15.4000000      -0.17353041029556   0.18021193038901   0.25017822277705
     15.6000000       0.07546361799774  -0.21331574055145   0.22627055223409
     15.8000000       0.06744315587291   0.30011923628307   0.30760386093355
     16.0000000      -0.27671169278581  -0.11908585288604   0.30124873656496
     16.2000000       0.18288352587568   0.01556718744523   0.18354487560723
     16.4000000      -0.34028007408425   0.09429704430405   0.35310403761960
     16.6000000       0.04889711120075  -0.38669928954511   0.38977848583327
     16.8000000       0.07561964065689   0.13636883670578   0.15593200337828
     17.0000000      -0.11822714428280  -0.32731343051311   0.34801111970672
     17.2000000       0.45426726775083  -0.01013159701467   0.45438023703488
     17.4000000      -0.11182682636476   0.19263065834192   0.22273708633286
     17.6000000       0.21882668124763  -0.14472787991126   0.26235715284600
     17.8000000       0.04848030724731   0.42742137814994   0.43016203306474
     18.0000000      -0.27863385031464  -0.09287055324257   0.29370352772948
     18.2000000       0.13647008842105   0.07482049409195   0.15563480128112
     18.4000000      -0.32612827257271   0.02635105587359   0.32719111894566
     18.6000000       0.13590171588587  -0.27499172170457   0.30674048214536
     18.8000000      -0.01927819097532   0.18075090964062   0.18177607098623
     19.0000000      -0.03750042603041  -0.30315007785333   0.30546072031432
     19.2000000       0.34590599490263   0.18750530230205   0.39345799737832
     19.4000000      -0.30239022307596   0.12494155540767   0.32718532864359
     19.6000000       0.17009189550528  -0.20737313517053   0.26820676745197
     19.8000000      -0.00939869555339   0.30872869978462   0.30887172992815
     20.0000000      -0.21461072332479  -0.15055889738823   0.26215595386858
     20.2000000       0.09262671531573  -0.01732595039121   0.09423320511975
     20.4000000      -0.07671014850000  -0.09536555332095   0.12238887058513
     20.6000000       0.20998613019835   0.02625998436508   0.21162174192302
     20.8000000      -0.22701192641125   0.09990507887584   0.24802306247230
     21.0000000       0.18673817921807  -0.32899176214177   0.37829449789129
     21.2000000       0.21731309593925   0.43192406593725   0.48351151010340
     21.4000000      -0.43658482466302  -0.04126877552477   0.43853098061523
     21.6000000       0.26025208604232  -0.20302938069482   0.33007889619711
     21.8000000      -0.06107733331519   0.29386589835829   0.30014597592309
     22.0000000      -0.15671771239597  -0.13283956897556   0.20544291777581
     22.2000000      -0.01631895357541  -0.00826354580051   0.01829192267077
     22.4000000       0.01401805270105  -0.19868540921326   0.19917931026031
     22.6000000       0.19768784043281   0.18896022927476   0.27347111456707
     22.8000000      -0.36365033203948  -0.02734726367269   0.36467716794832
     23.0000000       0.31169125782822  -0.33313776564966   0.45621509303024
     23.2000000       0.06623117724270   0.43360308892280   0.43863220078142
     23.4000000      -0.29679860076860  -0.24225898770743   0.38311724908078
     23.6000000       0.34531648982160  -0.00833016518295   0.34541695064760
     23.8000000      -0.20244460689497   0.17223813864335   0.26580029206941
     24.0000000       0.10874990917615  -0.17132025777938   0.20292159439403
     24.2000000      -0.05694697513641   0.24164421190412   0.24826373702969
     24.4000000      -0.10701367926653  -0.26384022287726   0.28471668507146
     24.6000000       0.24825553813935   0.17323942977810   0.30272547340238
     24.8000000      -0.34293686942068   0.00338165017576   0.34295354199362
     25.0000000       0.27430204395551  -0.24073119690531   0.36495632681409
     25.2000000      -0.05452427977829   0.34982033210026   0.35404401115691
     25.4000000      -0.15142234222280  -0.29509850954611   0.33168035223778
     25.6000000       0.28300540512927   0.16079550019945   0.32549539507768
     25.8000000      -0.32719744546248   0.03755855726345   0.32934603920631
     26.0000000       0.22685113206065  -0.21322547436548   0.31133027323982
     26.2000000      -0.07474328517074   0.28629916116926   0.29589486032092
     26.4000000      -0.09722901349888  -0.28607291281142   0.30214432397511
     26.6000000       0.24556506903379   0.17015838480257   0.29875755898084
     26.8000000      -0.28283170840621   0.00034836897430   0.28283192295234
     27.0000000       0.23025949202481  -0.14829948943642   0.27388350120923
     27.2000000      -0.10835560386874   0.25033415778589   0.27277853186080
     27.4000000      -0.05460816004517  -0.26012073058999   0.26579098108512
     27.6000000       0.17993137946674   0.17527887136545   0.25119312105221
     27.8000000      -0.23682187994191  -0.05193316029812   0.24244928533153
     28.0000000       0.22616065813638  -0.08513104035152   0.24165251358100
     28.2000000      -0.13388656603260   0.19308196428656   0.23496011894949
     28.4000000       0.00789654114513  -0.22075946580984   0.22090064985577
     28.6000000       0.10262467345573   0.19041939736953   0.21631313066125
     28.8000000      -0.19242033354090  -0.10588583864447   0.21963013360064
     29.0000000       0.21202438622417  -0.02033190371887   0.21299701092403
     29.2000000      -0.16212237673821   0.12146155032568   0.20257485837775
     29.4000000       0.07873214024189  -0.18695585571982   0.20285768877467
     29.6000000       0.03535823116534   0.20313454180677   0.20618886145034
     29.8000000      -0.13869786134120  -0.14814382023573   0.20293764612476
     30.0000000       0.19132712655787   0.05277005214979   0.19847102499050
     30.2000000      -0.19300982883023   0.05348466285611   0.20028330730719
     30.4000000       0.13742523326090  -0.15212254351709   0.20500478770732
     30.6000000      -0.03201231721317   0.20287670806836   0.20538682316549
     30.8000000      -0.07932667580665  -0.18904651109096   0.20501537710669
     31.0000000       0.17217277908852   0.12076823188770   0.21030556743070
     31.2000000      -0.21163662371257  -0.00750391960856   0.21176961374557
     31.4000000       0.18821737099949  -0.10640398698635   0.21621190344787
     31.6000000      -0.10162516182211   0.20303250471865   0.22704596778560
     31.8000000      -0.03329721350759  -0.22146139518864   0.22395056147790
     32.0000000       0.13853469360508   0.17197438516294   0.22083263002651
     32.2000000      -0.22708629930885  -0.07819001556404   0.24017049333274
     32.4000000       0.23759686815268  -0.07946987926742   0.25053489470878
     32.6000000      -0.13571586978036   0.19171086544890   0.23488689457142
     32.8000000       0.03650511743623  -0.22501139598096   0.22795339857158
     33.0000000       0.12086877687959   0.25464099232263   0.28187106306860
     33.2000000      -0.25435287489637  -0.07442726594940   0.26501849536353
     33.4000000       0.19869293766258  -0.01525811375130   0.19927793031902
     33.6000000      -0.25141690136548   0.15910404460602   0.29753076362321
     33.8000000       0.00836104155734  -0.29778155889440   0.29789891546211
     34.0000000       0.07878785103862   0.16600896471891   0.18375663753543
     34.2000000      -0.17989166495919  -0.20925285602233   0.27594885191878
     34.4000000       0.31459734941437  -0.03777794011329   0.31685748376478
     34.6000000      -0.13149602413982   0.15169877374783   0.20075786988603
     34.8000000       0.13461652808696  -0.17311993091094   0.21929915666230
     35.0000000       0.05227165350016   0.30151680193967   0.30601422779271
     35.2000000      -0.21477943890667  -0.11246085707556   0.24244102736797
     35.4000000       0.16280168523051   0.04379574823039   0.16858960904206
     35.6000000      -0.25272412745769   0.05206553167226   0.25803159532811
     35.8000000       0.11125332184519  -0.24147019889610   0.26586680608250
     36.0000000       0.03197783750874   0.16789046580240   0.17090872007912
     36.2000000      -0.05997248759406  -0.18813149044114   0.19745925393312
     36.4000000       0.23314823675817   0.11239683065349   0.25882648211571
     36.6000000      -0.18342676303029   0.07785947838504   0.19926734747610
     36.8000000       0.13050532311070  -0.07852557921867   0.15230858791236
     37.0000000      -0.11011101492832   0.20984340353932   0.23697824713992
     37.2000000      -0.10242581430621  -0.20421168300462   0.22845887794496
     37.4000000       0.10588841901453   0.08336946994533   0.13476952845640
     37.6000000      -0.17977884795984  -0.10447968856475   0.20793373823494
     37.8000000       0.23217131747048  -0.11148309970305   0.25754999936979
     38.0000000      -0.04854620363800   0.14539012645420   0.15328086233457
     38.2000000       0.08917698338585  -0.15563793029333   0.17937586156390
     38.4000000       0.11867370134938   0.25452089491010   0.28082794258727
     38.6000000      -0.18785321714222  -0.02596605925061   0.18963930875135
     38.8000000       0.14651722955294   0.05805803955965   0.15760087091567
     39.0000000      -0.25713903162286   0.13253647261176   0.28928601444991
     39.2000000       0.00534099220066  -0.21943623197301   0.21950122118157
     39.4000000      -0.02436868142534   0.14063567891574   0.14273130987453
     39.6000000      -0.13916118294357  -0.24598373240352   0.28261958786578
     39.8000000       0.23365709515071   0.01169181841299   0.23394943199775
     40.0000000      -0.17480983676388  -0.01184691035172   0.17521081106569
     40.2000000       0.27680773237721  -0.18214773063510   0.33136130806014
     40.4000000      -0.00501855852341   0.32419451078519   0.32423335231419
     40.6000000      -0.10516886497263  -0.24694749424708   0.26840930511915
     40.8000000       0.33974641067238   0.19724024358677   0.39285027332933
     41.0000000      -0.33295946357289   0.19801910422281   0.38739330146500
     41.2000000       0.05802027198040  -0.20923724966525   0.21713262907301
     41.4000000      -0.03119229660774   0.19909226473893   0.20152093997037
     41.6000000      -0.09756582848784  -0.14470035066193   0.17452014889463
     41.8000000       0.00254460884657   0.14119350330223   0.14121643108696
     42.0000000      -0.26272850208261  -0.30024221157867   0.39896322063597
     42.2000000       0.52707861733149  -0.09941734432729   0.53637270363168
     42.4000000      -0.26393097138311   0.49091331594476   0.55736472926363
     42.6000000      -0.20375641076819  -0.55811948199572   0.59414983893990
     42.8000000       0.56519358334711   0.13429369553095   0.58092906909200
     43.0000000      -0.29875152883803   0.30996534232510   0.43050085879796
     43.2000000      -0.03275861762398  -0.21852877285684   0.22097047674961
     43.4000000       0.02614605183356   0.03081783831838   0.04041478918789
     43.6000000       0.14250729401980  -0.06196149202951   0.15539483692636
     43.8000000      -0.06387543804808   0.35025704823807   0.35603380657780
     44.0000000      -0.35190236112715  -0.31249127612317   0.47062306511682
     44.2000000       0.47446952731251  -0.09094958405876   0.48310781321421
     44.4000000      -0.24798429602790   0.40313324657534   0.47329972065366
     44.6000000      -0.13607397906032  -0.40358888319349   0.42591092309857
     44.8000000       0.27705965256985   0.13693731001873   0.30905319599916
     45.0000000      -0.22310137162553   0.01816811910611   0.22383990388902
     45.2000000       0.12912741440032  -0.08026330515618   0.15203975567037
     45.4000000      -0.13891892833636   0.05853124929637   0.15074606394303
     45.6000000       0.12266441979179  -0.20976250145491   0.24299561086463
     45.8000000       0.04446776127618   0.22162321638141   0.22604033231296
     46.0000000      -0.13994778213753  -0.20996191998413   0.25232794052311
     46.2000000       0.30338252932152   0.05829113958139   0.30893173364227
     46.4000000      -0.21655447208344   0.13661044512357   0.25604345938961
     46.6000000       0.13217930683486  -0.20403481727053   0.24310815661751
     46.8000000       0.01869183607467   0.25434854648984   0.25503444441356
     47.0000000      -0.13666507404337  -0.18818312529951   0.23257306617657
     47.2000000       0.22276480313035   0.09025343140049   0.24035357162578
     47.4000000      -0.21924956647582   0.03578765953825   0.22215113993644
     47.6000000       0.20039353355369  -0.14723504946773   0.24866790722146
     47.8000000      -0.06149893802445   0.25156207532070   0.25897026299904
     48.0000000      -0.06466697103262  -0.22940385667363   0.23834417676811
     48.2000000       0.19770847844382   0.18237204132908   0.26897621438912
     48.4000000      -0.26683579243648  -0.02650864515506   0.26814930242900
     48.6000000       0.24451379010072  -0.12002756125756   0.27238503815528
     48.8000000      -0.13412854858638   0.24549300940362   0.27974503608095
     49.0000000      -0.02268361615504  -0.28071573058017   0.28163072956804
     49.2000000       0.18153107290095   0.22379089541544   0.28815949628533
     49.4000000      -0.27976973748140  -0.09013102941878   0.29392976792850
     49.6000000       0.29575166208390  -0.10016290025725   0.31225254556742
     49.8000000      -0.16181516108888   0.24217787172032   0.29126322786992
     50.0000000       0.03197809169197  -0.28938386014905   0.29114535349722
