#    time[fs]         Re(autocorrel)     Im(autocorrel)     Abs(autocorrel)
     0.00000000       1.00000000000000   0.00000000000000   1.00000000000000
    0.200000000      -0.08054466583483   0.67991295343085   0.68466712162737
    0.400000000      -0.03227902433202  -0.20794973622244   0.21044008222487
    0.600000000       0.28255018855063   0.36299869631813   0.46000289409813
    0.800000000      -0.25645970839525   0.21062864158038   0.33186745348734
     1.00000000      -0.09118360598488   0.11755800278831   0.14877612046286
     1.20000000      -0.36599896573942  -0.10213652543391   0.37998304271380
     1.40000000       0.25114866350826  -0.28614119050839   0.38072619044077
     1.60000000      -0.03542808658186   0.35130597135521   0.35308785709605
     1.80000000      -0.24081515662620  -0.34204282290651   0.41831236219212
     2.00000000       0.41059435505974   0.03195265287308   0.41183576390662
     2.20000000      -0.25241271973252   0.21193701382507   0.32958986469832
     2.40000000       0.07730663839868  -0.24661252640968   0.25844545753925
     2.60000000       0.04093642818904   0.22434761313386   0.22805184207048
     2.80000000      -0.13262303527290  -0.16745371850859   0.21361090170530
     3.00000000       0.19183612327139   0.08544479931205   0.21000455214417
     3.20000000      -0.21692374624716   0.02076832310911   0.21791566013177
     3.40000000       0.17927667708337  -0.13983359162632   0.22736217867792
     3.60000000      -0.07213504951812   0.22007291300695   0.23159350683546
     3.80000000      -0.06288688781735  -0.22256827669308   0.23128207550409
     4.00000000       0.17355707651364   0.14902436872129   0.22875821576665
     4.20000000      -0.22319367296629  -0.02946158402723   0.22512974167261
     4.40000000       0.20083055765414  -0.09369604154622   0.22161196061834
     4.60000000      -0.11955938699062   0.18480502938877   0.22010757802710
     4.80000000       0.00246176734752  -0.22082062596834   0.22083434776212
     5.00000000       0.11720739728104   0.18780210810578   0.22137571182578
     5.20000000      -0.19906489786967  -0.09629620693028   0.22113297590595
     5.40000000       0.22297466478497  -0.02287027934778   0.22414448646668
     5.60000000      -0.18137637250217   0.14396257072867   0.23156556365931
     5.80000000       0.07162047818467  -0.22497512708892   0.23610019208818
     6.00000000       0.06203340298361   0.22706468498097   0.23538588371275
     6.20000000      -0.17623049266547  -0.16563986507397   0.24185481481012
     6.40000000       0.25308223493816   0.04099437315901   0.25638088125286
     6.60000000      -0.23024279443252   0.11601330758784   0.25781937849116
     6.80000000       0.13048586316630  -0.21615166303354   0.25248386466944
     7.00000000       0.00312764420649   0.27021053679107   0.27022863717822
     7.20000000      -0.17589017869222  -0.22329678822349   0.28425131590075
     7.40000000       0.25949988304145   0.07593418184759   0.27038156237323
     7.60000000      -0.26772506578843   0.06661933211519   0.27588919200088
     7.80000000       0.19149252375504  -0.22975219159926   0.29909105001443
     8.00000000      -0.00930149105788   0.29043023138183   0.29057914074551
     8.20000000      -0.14165572968708  -0.24337805343628   0.28160117657355
     8.40000000       0.26807265837306   0.12964618941851   0.29777690407072
     8.60000000      -0.29215535926251   0.06090303709853   0.29843581198247
     8.80000000       0.19796840222186  -0.20752331689465   0.28680553574370
     9.00000000      -0.05085584362743   0.28404260984614   0.28855938910260
     9.20000000      -0.12514702811720  -0.26163746586513   0.29002748523354
     9.40000000       0.24670500925449   0.13744788802825   0.28240977942466
     9.60000000      -0.27538128527736   0.02394606470382   0.27642045202157
     9.80000000       0.21097707919549  -0.17331099588790   0.27303484986630
     10.0000000      -0.07345714835416   0.25680070188500   0.26710026793875
     10.2000000      -0.08094004562066  -0.24705253368194   0.25997354746924
     10.4000000       0.19997861724096   0.15644475361108   0.25390235974886
     10.6000000      -0.24712890247287  -0.01821921711596   0.24779958496689
     10.8000000       0.21015777893996  -0.11811042702952   0.24107336024968
     11.0000000      -0.10844425169402   0.20844624655578   0.23496806895548
     11.2000000      -0.02239490428816  -0.22874134035092   0.22983501152699
     11.4000000       0.14014814293587   0.17548710341172   0.22458233553022
     11.6000000      -0.20767952296248  -0.07046641276765   0.21930868561520
     11.8000000       0.20952245723057  -0.05056096030151   0.21553670404491
     12.0000000      -0.14805075731860   0.15327351990027   0.21310044262092
     12.2000000       0.04198320594343  -0.20598257403489   0.21021753111320
     12.4000000       0.07259012767102   0.19425884127198   0.20737845608362
     12.6000000      -0.16356349658803  -0.12685799346816   0.20699267601263
     12.8000000       0.20737120788579   0.02025305969035   0.20835787550950
     13.0000000      -0.18562228387353   0.09429793213827   0.20820118221562
     13.2000000       0.10800023517506  -0.17735769302781   0.20765308106073
     13.4000000       0.00038514309603   0.21169840830117   0.21169875864647
     13.6000000      -0.11840296726136  -0.18269548163461   0.21770829489479
     13.8000000       0.19956741958455   0.08865807451228   0.21837446997270
     14.0000000      -0.21861598767192   0.02802017843249   0.22040435672908
     14.2000000       0.17894640436635  -0.14737802066094   0.23182341687064
     14.4000000      -0.06598505363786   0.22921318036376   0.23852192636330
     14.6000000      -0.06786186544184  -0.22830539489492   0.23817763564066
     14.8000000       0.18582480589205   0.16656421028767   0.24954858171020
     15.0000000      -0.26157856578935  -0.03336532884198   0.26369791665682
     15.2000000       0.23765706277329  -0.12243901793155   0.26734283719238
     15.4000000      -0.13686162713370   0.23895337183414   0.27537214618147
     15.6000000      -0.02274991664262  -0.28921109997061   0.29010449678255
     15.8000000       0.19496928144612   0.23113281015871   0.30238286432845
     16.0000000      -0.30092161091526  -0.07083836045581   0.30914703496540
     16.2000000       0.28007770635273  -0.11819505831728   0.30399604176113
     16.4000000      -0.16722103482000   0.25092522171988   0.30153994989295
     16.6000000      -0.01208638664496  -0.31311650818342   0.31334969034468
     16.8000000       0.19161684781683   0.21676674302678   0.28931788269946
     17.0000000      -0.22086919538449  -0.10065131454876   0.24272183377312
     17.2000000       0.31716078855124   0.00941494132263   0.31730049939222
     17.4000000      -0.26489097496350   0.25798261554016   0.36975973082267
     17.6000000       0.06280382853624  -0.31105995323323   0.31733675391336
     17.8000000       0.10234421312306   0.41094506084758   0.42349755724774
     18.0000000      -0.51134206904965  -0.18905626771297   0.54517243505292
     18.2000000       0.34010050442271  -0.28341137029312   0.44270798267030
     18.4000000      -0.07955164583371   0.26647517152623   0.27809617292366
     18.6000000      -0.07480376570492  -0.28059159395864   0.29039153907076
     18.8000000       0.18767309815246   0.04034550729879   0.19196080779508
     19.0000000       0.04016605829439  -0.05661960583013   0.06941968023024
     19.2000000       0.18187773405686   0.25932388380029   0.31674656565608
     19.4000000      -0.42472315346908   0.04216836503811   0.42681134954768
     19.6000000       0.26045129141099  -0.36711381843296   0.45011935181913
     19.8000000       0.08976526288587   0.47906364650562   0.48740104618705
     20.0000000      -0.44383066847290  -0.22414956135494   0.49722096509773
     20.2000000       0.36122668847532  -0.20271718740079   0.41422092961912
     20.4000000      -0.03446362046173   0.25709851882641   0.25939812936501
     20.6000000      -0.04637297897299  -0.08835938823790   0.09978895063385
     20.8000000      -0.03599115467495   0.06178582600571   0.07150420624022
     21.0000000       0.02898848574130  -0.16712849503191   0.16962389618567
     21.2000000       0.13426565404742   0.21973634075924   0.25750985477656
     21.4000000      -0.31135614843354  -0.07102158584084   0.31935359215565
     21.6000000       0.28486445182485  -0.19014595692918   0.34249560705210
     21.8000000      -0.06458704428147   0.32047204394629   0.32691561180239
     22.0000000      -0.14019689824334  -0.24848180148081   0.28530400618323
     22.2000000       0.21484094741722   0.10633219928717   0.23971476652967
     22.4000000      -0.21338095362273   0.00729140040417   0.21350549381409
     22.6000000       0.17808689769638  -0.10186435942517   0.20516162129458
     22.8000000      -0.11114793287381   0.16874132715128   0.20205815616029
     23.0000000       0.02772033251406  -0.21913895717800   0.22088526294833
     23.2000000       0.11349045020175   0.22846804329066   0.25510336942514
     23.4000000      -0.24010568723236  -0.11677115859545   0.26699483987719
     23.6000000       0.26313039555849  -0.03652767898947   0.26565367755619
     23.8000000      -0.21147888603256   0.18480198372611   0.28084709794954
     24.0000000       0.06114726594664  -0.28526934707513   0.29174918768254
     24.2000000       0.11432209804431   0.26410863074440   0.28778969914668
     24.4000000      -0.24287403535320  -0.15665928965727   0.28901544956052
     24.6000000       0.29222672140950  -0.00756228001161   0.29232455385191
     24.8000000      -0.24294292009144   0.17316260454084   0.29833965548334
     25.0000000       0.09811601541891  -0.29039339544078   0.30652092358811
     25.2000000       0.08880401005507   0.28660221731596   0.30004496858352
     25.4000000      -0.22843302619630  -0.19115889231230   0.29786468331654
     25.6000000       0.30901530004694   0.02790239461218   0.31027245976431
     25.8000000      -0.26294968192047   0.16455830338911   0.31019666412838
     26.0000000       0.11584914435438  -0.27468057109586   0.29811145631322
     26.2000000       0.05319954977780   0.29153198683220   0.29634623574948
     26.4000000      -0.21616220217505  -0.21047882060294   0.30170752654114
     26.6000000       0.29105918848113   0.03908286764159   0.29367145203847
     26.8000000      -0.25129987069132   0.12434963660613   0.28038269763584
     27.0000000       0.14052536243340  -0.24077626888627   0.27878412642371
     27.2000000       0.02485109032090   0.27495577302148   0.27607653614166
     27.4000000      -0.16995182636375  -0.20243138374668   0.26431437420233
     27.6000000       0.24404710210802   0.07379855613368   0.25496120280297
     27.8000000      -0.24019056088969   0.07172866251758   0.25067210967131
     28.0000000       0.15490089131105  -0.18931190881282   0.24460843188106
     28.2000000      -0.02347355556975   0.23475365713351   0.23592432547036
     28.4000000      -0.10375778243210  -0.20329534866459   0.22824258192521
     28.6000000       0.19258386492142   0.11312576064877   0.22335170191972
     28.8000000      -0.21908437266880   0.00934693407698   0.21928366907803
     29.0000000       0.17476083756259  -0.12335318610438   0.21390969792808
     29.2000000      -0.08043288522745   0.19299548855166   0.20908540749489
     29.4000000      -0.03363251868431  -0.20348770146311   0.20624837201731
     29.6000000       0.13514769932071   0.15302101757073   0.20415761668393
     29.8000000      -0.19447798849099  -0.05784473148542   0.20289825274783
     30.0000000       0.19499431406697  -0.05412815699773   0.20236758608636
     30.2000000      -0.13631750401489   0.14890799002643   0.20188128044611
     30.4000000       0.03764507456918  -0.19881224297837   0.20234490257332
     30.6000000       0.07356387896807   0.19121541905574   0.20487796556363
     30.8000000      -0.16747738290168  -0.12466030088949   0.20877946355295
     31.0000000       0.21081144285321   0.01467761832704   0.21132178524138
     31.2000000      -0.18827935142197   0.10010815225090   0.21323873081353
     31.4000000       0.11081738389259  -0.19041032818426   0.22031020324087
     31.6000000       0.01326706998042   0.22842173403630   0.22880669510750
     31.8000000      -0.13842156920806  -0.18457269553519   0.23071109804070
     32.0000000       0.21976813365297   0.08578836776021   0.23591879241017
     32.2000000      -0.24352668862360   0.05222321777973   0.24906327016894
     32.4000000       0.17355921208778  -0.18611432751175   0.25448250039184
     32.6000000      -0.04460367081180   0.25385067836581   0.25773950872279
     32.8000000      -0.10802380208974  -0.24693757954617   0.26953164936616
     33.0000000       0.23695652036864   0.14388674681175   0.27722155120640
     33.2000000      -0.28081505200915   0.01479243020030   0.28120439083722
     33.4000000       0.23038054783737  -0.17539066134546   0.28954633637648
     33.6000000      -0.08842895874640   0.28262428258766   0.29613538433150
     33.8000000      -0.08931881781106  -0.28428088217212   0.29798233367723
     34.0000000       0.23971230617964   0.18712250344446   0.30410001813430
     34.2000000      -0.30753633090599  -0.01259328644729   0.30779406376775
     34.4000000       0.25898242224077  -0.16583766888588   0.30752890506617
     34.6000000      -0.11757667454055   0.28622430292405   0.30943274871993
     34.8000000      -0.06769164729141  -0.30084957812246   0.30837092562284
     35.0000000       0.22873887599302   0.20994989660390   0.31048419037777
     35.2000000      -0.30837170469987  -0.03577739793656   0.31044022043320
     35.4000000       0.26646184452842  -0.14531381638904   0.30350950532567
     35.6000000      -0.13662491526885   0.26838585855418   0.30115998496494
     35.8000000      -0.04574818561222  -0.29751384805179   0.30101060823399
     36.0000000       0.20781276125158   0.20436762316088   0.29146572549004
     36.2000000      -0.26747656856894  -0.04397081575646   0.27106668436328
     36.4000000       0.23386437624429  -0.09955060363017   0.25417094475817
     36.6000000      -0.13883890290031   0.20095662086435   0.24425356584455
     36.8000000       0.01300561630069  -0.22902698337737   0.22939595717950
     37.0000000       0.08914205191680   0.20486751047502   0.22342113209849
     37.2000000      -0.19321563685682  -0.15497346467107   0.24768741808607
     37.4000000       0.28329137780817   0.02050347920604   0.28403238794195
     37.6000000      -0.25523491234554   0.17645915520961   0.31029452772701
     37.8000000       0.08131125203038  -0.31263458839073   0.32303545558497
     38.0000000       0.15167222011445   0.28058213188444   0.31895265336295
     38.2000000      -0.27365393883856  -0.08033418769108   0.28520178813227
     38.4000000       0.18561420085794  -0.10201458104977   0.21180086474539
     38.6000000      -0.04874432633996   0.09623686646494   0.10787744814060
     38.8000000       0.06672725128793  -0.02381429887865   0.07084946644488
     39.0000000      -0.15542355988204   0.10826736431497   0.18941569402274
     39.2000000       0.05630223856250  -0.30772799730054   0.31283615901898
     39.4000000       0.25622638437654   0.31633619992513   0.40708789153418
     39.6000000      -0.45970697650003  -0.00686343222439   0.45975820921948
     39.8000000       0.30369146507614  -0.36263349002534   0.47300269983168
     40.0000000       0.10302137684818   0.41958873220532   0.43205104823546
     40.2000000      -0.28793290019417  -0.10828248036928   0.30762062767173
     40.4000000       0.11773004969099  -0.04897794312830   0.12751158187915
     40.6000000      -0.07142376250381  -0.03344162611960   0.07886505061003
     40.8000000       0.15150043688465   0.03871546407099   0.15636901718203
     41.0000000      -0.27401587172248   0.07302646916358   0.28357990611877
     41.2000000       0.17882577154289  -0.40118338971389   0.43923429823983
     41.4000000       0.26767352191997   0.40498529608310   0.48545051692275
     41.6000000      -0.40220718069833  -0.05751776547886   0.40629903956443
     41.8000000       0.33635487868663  -0.15047137120846   0.36847827340245
     42.0000000      -0.15540681820727   0.35842945827095   0.39066988071991
     42.2000000      -0.11703616933096  -0.27170703773329   0.29584147661453
     42.4000000       0.12073774054805   0.17820327893269   0.21525336377165
     42.6000000      -0.27197784027268  -0.14659050426941   0.30896718521771
     42.8000000       0.29012198818255  -0.08566253031611   0.30250427621300
     43.0000000      -0.20707245464704   0.18475404745679   0.27751226914358
     43.2000000       0.08359779803156  -0.33458317531020   0.34486880554260
     43.4000000       0.17555704922316   0.29529285204683   0.34353769225792
     43.6000000      -0.27701051809728  -0.13173375165471   0.30673866476456
     43.8000000       0.31931521731956  -0.04289587286643   0.32218358729273
     44.0000000      -0.21518787142871   0.23132206598053   0.31593625657642
     44.2000000       0.04454988190836  -0.28602421905445   0.28947287586881
     44.4000000       0.11750766581956   0.26408115964084   0.28904482421177
     44.6000000      -0.24397053702642  -0.13973543643798   0.28115407721296
     44.8000000       0.26394153571726  -0.01606585108557   0.26443003960951
     45.0000000      -0.21132485487822   0.15454707352819   0.26180716610786
     45.2000000       0.08332458170719  -0.24221264729587   0.25614439760954
     45.4000000       0.06145600418349   0.23609939116463   0.24396672510510
     45.6000000      -0.17275366948234  -0.16123204064137   0.23630404408092
     45.8000000       0.22796451868064   0.04198495343750   0.23179852909897
     46.0000000      -0.21144048951307   0.08776657278915   0.22893241776707
     46.2000000       0.12399883555136  -0.18626165273303   0.22376128909383
     46.4000000      -0.00381569331718   0.21290683392847   0.21294102340540
     46.6000000      -0.10195334682619  -0.18198812142115   0.20860048242384
     46.8000000       0.18740883499255   0.10197280772918   0.21335539587608
     47.0000000      -0.20933080836130   0.02011055401724   0.21029460694957
     47.2000000       0.16211414628770  -0.12241498721186   0.20314139292786
     47.4000000      -0.07652148934877   0.18984718171089   0.20468876553373
     47.6000000      -0.03752478017837  -0.20261940530290   0.20606487457288
     47.8000000       0.13894085780426   0.15331825022106   0.20690830775547
     48.0000000      -0.20431893684504  -0.05593546903173   0.21183721261688
     48.2000000       0.20105705540555  -0.06517231211326   0.21135602616093
     48.4000000      -0.13858540392812   0.15879422223933   0.21076413166977
     48.6000000       0.03655273489665  -0.21942349074084   0.22244723130963
     48.8000000       0.09897372378108   0.20618334456597   0.22870804440488
     49.0000000      -0.18949537680851  -0.11852933230780   0.22351219306590
     49.2000000       0.23690907783778   0.00533590914783   0.23696916062724
     49.4000000      -0.20362219880690   0.14316075052565   0.24891163158443
     49.6000000       0.08781454064319  -0.22159008012576   0.23835594634604
     49.8000000       0.03607875163600   0.25337716203988   0.25593292590637
     50.0000000      -0.20031374583273  -0.19059123971089   0.27649704776737
