FE 26.0 -7.58246004e-06 -7.569481302e-06 -6.122045973e-11 
C  6.0 -0.8825640429  1.528843493  0 
C  6.0 -0.8816527915 -1.527120588  0 
C  6.0  1.766015502  7.228520074e-05 -3.061022987e-10 
O  8.0 -1.458562611  2.526278109  0 
O  8.0 -1.459220536 -2.527437001  0 
O  8.0  2.916612326 -9.665302521e-06  6.122045973e-11 
C  6.0 -0.0001190208385 -0.0001187927923 -1.678109332 
C  6.0 -0.000119023471 -0.0001187907108  1.678109337 
O  8.0  1.314335928e-05  1.311862621e-05 -2.84333752 
O  8.0  1.314244097e-05  1.311783035e-05  2.843337519 