FE 26.0 -7.575113585e-06  7.346455168e-09 -6.122045973e-11 
C  6.0 -0.8821083006  1.527981647  0 
C  6.0 -0.8821091835 -1.527983317  0 
C  6.0  1.766014412 -6.997498547e-08 -3.061022987e-10 
O  8.0 -1.458891699  2.526857797  0 
O  8.0 -1.458891062 -2.526856675  0 
O  8.0  2.916613071  9.366730339e-09  6.122045973e-11 
C  6.0 -0.0001189070909  1.137476142e-07 -1.678109332 
C  6.0 -0.0001189084377  1.150332438e-07  1.678109337 
O  8.0  1.313105397e-05 -1.230531241e-08 -2.84333752 
O  8.0  1.312976834e-05 -1.273385562e-08  2.843337519 