FE 26.0 -7.56776713e-06  7.584174213e-06 -6.122045973e-11 
C  6.0 -0.8816525583  1.527119802  0 
C  6.0 -0.8825655755 -1.528846045  0 
C  6.0  1.766013323 -7.242515071e-05 -3.061022987e-10 
O  8.0 -1.459220787  2.527437486  0 
O  8.0 -1.458561587 -2.526276349  0 
O  8.0  2.916613817  9.684035982e-06  6.122045973e-11 
C  6.0 -0.0001187933432  0.0001190202875 -1.678109332 
C  6.0 -0.0001187934045  0.0001190207773  1.678109337 
O  8.0  1.311874865e-05 -1.314323684e-05 -2.84333752 
O  8.0  1.31170957e-05 -1.314329806e-05  2.843337519 