FE 26.0  7.58246004e-06  7.569481302e-06  6.122045973e-11 
C  6.0 -0.8823247727  1.528033605  0 
C  6.0 -0.8832360241 -1.52975651  0 
C  6.0  1.763762129 -7.228520074e-05  3.061022987e-10 
O  8.0 -1.458820579  2.5267778  0 
O  8.0 -1.458162653 -2.525618908  0 
O  8.0  2.918154052  9.665302521e-06 -6.122045973e-11 
C  6.0  0.0001190208385  0.0001187927923 -1.67810933 
C  6.0  0.000119023471  0.0001187907108  1.678109325 
O  8.0 -1.314335928e-05 -1.311862621e-05 -2.84333752 
O  8.0 -1.314244097e-05 -1.311783035e-05  2.843337521 