FE 26.0  7.575113585e-06 -7.346455168e-09  6.122045973e-11 
C  6.0 -0.882780515  1.528895451  0 
C  6.0 -0.8827796321 -1.528893782  0 
C  6.0  1.763763219  6.997498547e-08  3.061022987e-10 
O  8.0 -1.45849149  2.526198112  0 
O  8.0 -1.458492128 -2.526199234  0 
O  8.0  2.918153307 -9.366730339e-09 -6.122045973e-11 
C  6.0  0.0001189070909 -1.137476142e-07 -1.67810933 
C  6.0  0.0001189084377 -1.150332438e-07  1.678109325 
O  8.0 -1.313105397e-05  1.230531241e-08 -2.84333752 
O  8.0 -1.312976834e-05  1.273385562e-08  2.843337521 