FE 26.0  7.56776713e-06 -7.584174213e-06  6.122045973e-11 
C  6.0 -0.8832362573  1.529757296  0 
C  6.0 -0.8823232401 -1.528031054  0 
C  6.0  1.763764308  7.242515071e-05  3.061022987e-10 
O  8.0 -1.458162402  2.525618423  0 
O  8.0 -1.458821603 -2.52677956  0 
O  8.0  2.918152562 -9.684035982e-06 -6.122045973e-11 
C  6.0  0.0001187933432 -0.0001190202875 -1.67810933 
C  6.0  0.0001187934045 -0.0001190207773  1.678109325 
O  8.0 -1.311874865e-05  1.314323684e-05 -2.84333752 
O  8.0 -1.31170957e-05  1.314329806e-05  2.843337521 