 FE         26.0  -0.0000000000   0.0000000000   0.0000000000
 C           6.0  -0.8824444078   1.5284385491   0.0000000000
 C           6.0  -0.8824444078  -1.5284385491   0.0000000000
 C           6.0   1.7648888155   0.0000000000   0.0000000000
 O           8.0  -1.4586915946   2.5265279545   0.0000000000
 O           8.0  -1.4586915946  -2.5265279545   0.0000000000
 O           8.0   2.9173831893   0.0000000000   0.0000000000
 C           6.0   0.0000000000   0.0000000000  -1.6781093310
 C           6.0  -0.0000000000   0.0000000000   1.6781093310
 O           8.0  -0.0000000000   0.0000000000  -2.8433375200
 O           8.0  -0.0000000000   0.0000000000   2.8433375200
