      673   -0.759058
      172   -0.379529
      117    0.379529
      281   -0.202168
       58   -0.101084
        3    0.101084
     1575   -0.090206
     2879   -0.090206
     2863    0.062905
     1591    0.062905
      709   -0.050818
     3641   -0.048602
     1574    0.047137
     2862   -0.047137
      965   -0.045189
     2216    0.045152
     2271   -0.045055
      910    0.045018
      705   -0.035857
      687    0.035857
     2198   -0.031049
      983    0.031012
      928   -0.030930
     2253    0.030893
      679    0.028457
      695   -0.028457
     3140   -0.027449
     3085    0.027449
      317   -0.027298
     3677   -0.025562
       19    0.025212
       90   -0.025212
      215   -0.023223
      160    0.023223
      815    0.022894
      742    0.022894
      797   -0.022808
      760   -0.022808
      678   -0.022113
      181   -0.020228
      144   -0.020228
