 $REFDET   
 3 
 1 17
        1    0.983273
      157    0.077929
      173    0.072650
       47   -0.062949
      168    0.047165
      154    0.041786
       63    0.040987
       68    0.040693
        8   -0.039429
        5   -0.037878
       82    0.037727
       79    0.034120
       36   -0.028035
       91   -0.025071
       95    0.024951
       61    0.023084
       17    0.020620
 2 19
       16    0.981728
      203    0.076196
       62   -0.067827
       53    0.065774
       18   -0.048905
        2    0.046541
       34    0.044715
       48    0.044601
       39    0.041416
      112    0.040355
      198    0.037058
      196    0.035311
      109    0.034081
      219    0.027246
       20    0.025564
      226    0.024358
      125    0.022996
      200    0.021796
       23   -0.020039
3 19     
       31    0.973868
       52    0.087299
      202   -0.079219
       38    0.070814
       77   -0.070295
       33    0.065782
        6   -0.060160
       19    0.059364
       24    0.048232
      113   -0.043695
       49    0.043067
      108   -0.042510
       22    0.040772
      211    0.039068
      199   -0.033801
      234    0.028198
      136    0.022060
      140    0.021736
       35    0.021006
 1  1 1.00000000E+00 0.00000000E+00 0.00000000E+00
 2  1 0.00000000E+00 1.00000000E+00 0.00000000E+00
 3  1 0.00000000E+00 0.00000000E+00 1.00000000E+00
 $end

