#    time[fs]         Re(autocorrel)     Im(autocorrel)     Abs(autocorrel)
     0.00000000       1.00000000000000   0.00000000000000   1.00000000000000
     1.00000000      -0.31898583385145  -0.20807532917506   0.38085076448553
     2.00000000      -0.06055841708384   0.08084158139056   0.10100833213863
     3.00000000       0.07905222320832   0.05194583257364   0.09459187869974
     4.00000000      -0.05731559017838  -0.03425199647187   0.06677032379586
     5.00000000       0.00660744694744   0.00072337271239   0.00664692584917
     6.00000000       0.01632029224953   0.02458304482061   0.02950725388379
     7.00000000       0.00429895249261   0.00746443934880   0.00861387527920
     8.00000000      -0.00461967819407  -0.03468523585856   0.03499152773431
     9.00000000      -0.01994752563756  -0.01636327337603   0.02580039717988
     10.0000000      -0.00213536054059  -0.00246140664510   0.00325857136040
