#Update-step  Updatetime     Error of A        Error of phi      Time in fs
     1                                         0.349886E-002
     1                                         0.141877E-003
     1        0.02941176     0.221023E-005     0.162439E-004        0.0000
     2                       0.957101E-003
     2                       0.479606E-004
     2        0.00261438     0.106972E-004     0.105158E-007        0.0294
     3        0.00252959     0.227555E-007     0.135769E-007        0.0320
     4        0.00528914     0.412070E-006     0.422397E-006        0.0346
     5        0.00958657     0.379607E-005     0.440439E-005        0.0398
     6        0.01126421     0.517532E-005     0.647738E-005        0.0494
     7        0.01220290     0.421706E-005     0.628986E-005        0.0607
     8        0.01334692     0.310744E-005     0.612617E-005        0.0729
     9        0.01477695     0.217547E-005     0.626917E-005        0.0862
    10        0.01595910     0.105481E-005     0.594615E-005        0.1010
    11        0.01740993     0.155963E-005     0.617029E-005        0.1170
    12        0.01924256     0.312373E-005     0.685044E-005        0.1344
    13        0.02037447     0.159717E-005     0.657130E-005        0.1536
    14        0.02173277     0.714155E-005     0.928339E-005        0.1740
    15        0.02173277     0.116716E-005     0.107792E-004        0.1957
    16        0.02018043     0.265039E-005     0.769544E-005        0.2175
    17        0.02018043     0.462047E-005     0.615219E-005        0.2377
    18        0.02201501     0.660660E-005     0.702602E-005        0.2578
    19        0.02201501     0.134064E-004     0.694130E-005        0.2798
    20        0.01981351     0.543058E-005     0.500356E-005        0.3019
    21        0.02229020     0.694031E-006     0.929965E-005        0.3217
    22        0.02229020     0.378979E-005     0.936513E-005        0.3440
    23        0.02229020     0.360879E-006     0.794722E-005        0.3663
    24        0.02229020     0.503177E-006     0.724085E-005        0.3885
    25        0.02229020     0.861117E-006     0.700488E-005        0.4108
    26        0.02229020     0.277152E-005     0.743131E-005        0.4331
    27        0.02229020     0.551549E-005     0.115940E-004        0.4554
    28        0.01114510     0.127747E-007     0.107255E-005        0.4777
    29        0.01114510     0.278531E-006     0.110499E-005        0.4889
    30        0.01724138     0.499500E-005     0.605693E-005        0.5000
    31        0.01856764     0.732960E-005     0.843147E-005        0.5172
    32        0.01856764     0.359742E-005     0.838617E-005        0.5358
    33        0.01856764     0.182072E-005     0.568565E-005        0.5544
    34        0.02033599     0.309833E-005     0.954858E-005        0.5729
    35        0.01936761     0.430497E-006     0.836920E-005        0.5933
    36        0.01936761     0.107122E-005     0.418782E-005        0.6126
    37        0.02299903     0.485710E-006     0.278084E-005        0.6320
    38        0.02874879     0.158273E-004     0.119326E-004        0.6550
    39        0.02432590     0.894951E-005     0.115826E-004        0.6838
    40        0.02245468     0.566197E-005     0.415081E-005        0.7081
    41        0.02449601     0.910784E-005     0.917025E-005        0.7305
    42        0.02449601     0.147413E-005     0.133140E-004        0.7550
    43        0.02204641     0.456354E-005     0.124341E-004        0.7795
    44        0.01984177     0.205488E-005     0.578033E-005        0.8016
    45        0.02232199     0.552053E-006     0.429724E-005        0.8214
    46        0.02604232     0.130137E-005     0.662629E-005        0.8437
    47        0.02604232     0.217083E-005     0.760279E-005        0.8698
    48        0.02604232     0.846793E-005     0.896749E-005        0.8958
    49        0.02604232     0.479534E-006     0.124280E-004        0.9219
    50        0.01736155     0.150034E-005     0.349907E-005        0.9479
    51        0.01736155     0.135114E-005     0.399027E-005        0.9653
    52        0.01736155     0.264459E-006     0.404667E-005        0.9826
    53        0.02083333     0.273846E-006     0.710079E-005        1.0000
    54        0.02178030     0.349084E-006     0.962013E-005        1.0208
    55        0.02079029     0.475377E-005     0.119878E-004        1.0426
    56        0.01898244     0.632577E-005     0.914303E-005        1.0634
    57        0.01898244     0.310673E-005     0.784090E-005        1.0824
    58        0.01898244     0.102883E-006     0.506783E-005        1.1014
    59        0.02109160     0.544165E-006     0.621976E-005        1.1204
    60        0.02240982     0.342156E-006     0.947218E-005        1.1414
    61        0.02240982     0.320633E-006     0.102241E-004        1.1639
    62        0.02091583     0.969644E-006     0.103755E-004        1.1863
    63        0.01952145     0.372662E-005     0.115518E-004        1.2072
    64        0.01822002     0.536218E-005     0.125211E-004        1.2267
    65        0.01700535     0.871758E-006     0.937695E-005        1.2449
    66        0.01700535     0.272812E-006     0.753407E-005        1.2619
    67        0.01700535     0.757524E-006     0.575501E-005        1.2789
    68        0.01855129     0.112065E-005     0.689670E-005        1.2959
    69        0.01855129     0.741191E-006     0.599654E-005        1.3145
    70        0.01855129     0.125770E-005     0.659427E-005        1.3330
    71        0.01855129     0.856351E-006     0.656269E-005        1.3516
    72        0.01855129     0.441699E-006     0.529105E-005        1.3701
    73        0.01855129     0.628652E-006     0.525005E-005        1.3887
    74        0.01855129     0.904153E-007     0.648296E-005        1.4072
    75        0.01855129     0.319753E-006     0.815399E-005        1.4258
    76        0.01855129     0.485579E-006     0.771632E-005        1.4443
    77        0.01855129     0.199353E-006     0.559243E-005        1.4629
    78        0.01855129     0.505065E-006     0.708809E-005        1.4814
    79        0.01923077     0.538437E-006     0.100116E-004        1.5000
    80        0.01849112     0.362481E-007     0.787169E-005        1.5192
    81        0.01926159     0.575770E-006     0.680176E-005        1.5377
    82        0.02013711     0.177502E-005     0.324415E-005        1.5570
    83        0.02487526     0.178475E-005     0.284401E-005        1.5771
    84        0.03061570     0.345219E-005     0.517360E-005        1.6020
    85        0.03339895     0.667213E-005     0.994597E-005        1.6326
    86                                         0.446933E-004
    86        0.01452128     0.143845E-006     0.197240E-005        1.6660
    87        0.01996676     0.495541E-006     0.128562E-004        1.6805
    88        0.01761773     0.551914E-006     0.859544E-005        1.7005
    89        0.01761773     0.669245E-006     0.637835E-005        1.7181
    90        0.01887614     0.869232E-006     0.588143E-005        1.7357
    91        0.02044915     0.822079E-006     0.391343E-005        1.7546
    92        0.02499341     0.985336E-006     0.954473E-005        1.7751
    93        0.02499341     0.246923E-005     0.128358E-004        1.8001
    94        0.02186923     0.993593E-006     0.348554E-005        1.8250
    95        0.02551411     0.768772E-007     0.830618E-005        1.8469
    96        0.02551411     0.405885E-006     0.199928E-004        1.8724
    97        0.02041128     0.389333E-008     0.651734E-005        1.8979
    98        0.02041128     0.227101E-007     0.610430E-005        1.9184
    99        0.02041128     0.213634E-007     0.115014E-004        1.9388
   100        0.01360752     0.922558E-007     0.331282E-005        1.9592
   101        0.01360752     0.295102E-006     0.412690E-005        1.9728
   102        0.01360752     0.387375E-006     0.436773E-005        1.9864
   103        0.01612903     0.226119E-006     0.644099E-005        2.0000
   104        0.01728111     0.240094E-007     0.420121E-005        2.0161
   105        0.02028652     0.149844E-006     0.397622E-005        2.0334
   106        0.02479463     0.451010E-006     0.795019E-005        2.0537
   107        0.02479463     0.674322E-006     0.834335E-005        2.0785
   108        0.02479463     0.174741E-005     0.116748E-004        2.1033
   109        0.02324497     0.488049E-005     0.198147E-004        2.1281
   110        0.01937080     0.104086E-005     0.109623E-004        2.1513
   111        0.01829465     0.171241E-006     0.821669E-005        2.1707
   112        0.01829465     0.387164E-006     0.694429E-005        2.1890
   113        0.01951429     0.358008E-006     0.654012E-005        2.2073
   114        0.02101539     0.629804E-006     0.101421E-004        2.2268
   115        0.01939882     0.907106E-006     0.897847E-005        2.2478
   116        0.01939882     0.269513E-006     0.729797E-005        2.2672
   117        0.01939882     0.430375E-006     0.541908E-005        2.2866
   118        0.02155425     0.890162E-006     0.773644E-005        2.3060
   119        0.02155425     0.245013E-007     0.102006E-004        2.3276
   120        0.01885997     0.339476E-007     0.556711E-005        2.3491
   121        0.01885997     0.512234E-007     0.486658E-005        2.3680
   122        0.01885997     0.162487E-006     0.590022E-005        2.3868
   123        0.01885997     0.338732E-006     0.726531E-005        2.4057
   124        0.01885997     0.183217E-006     0.908527E-005        2.4246
   125        0.01885997     0.191028E-006     0.745043E-005        2.4434
   126        0.01885997     0.730159E-006     0.339672E-005        2.4623
   127        0.01885997     0.563038E-006     0.149208E-005        2.4811
   128        0.02777778     0.169463E-005     0.441021E-005        2.5000
   129        0.03148148     0.331652E-005     0.536942E-005        2.5278
   130                                         0.201575E-004
   130        0.02003367     0.263599E-006     0.209854E-005        2.5593
   131        0.02804714     0.258551E-006     0.179083E-004        2.5793
   132        0.02309764     0.485409E-006     0.107025E-004        2.6073
   133        0.02173896     0.101653E-005     0.851507E-005        2.6304
   134        0.02173896     0.662619E-006     0.429209E-005        2.6522
   135        0.02508341     0.825435E-006     0.805315E-005        2.6739
   136        0.02508341     0.868242E-006     0.115881E-004        2.6990
   137        0.02299313     0.254213E-006     0.494031E-005        2.7241
   138        0.02529244     0.272388E-007     0.331034E-005        2.7471
   139        0.02845400     0.189996E-007     0.612791E-005        2.7724
   140        0.02845400     0.758453E-007     0.599422E-005        2.8008
   141        0.02845400     0.968626E-007     0.888347E-005        2.8293
   142                                         0.218933E-004
   142        0.01580778     0.456723E-007     0.190600E-005        2.8577
   143        0.02107703     0.428312E-006     0.101120E-004        2.8735
   144        0.01756420     0.134735E-006     0.492359E-005        2.8946
   145        0.01756420     0.325520E-007     0.272353E-005        2.9122
   146        0.02341893     0.493249E-007     0.377786E-005        2.9297
   147        0.02341893     0.131357E-006     0.127451E-005        2.9532
   148        0.02341893     0.108651E-006     0.150037E-005        2.9766
   149        0.03333333     0.147420E-005     0.915752E-005        3.0000
   150                                         0.271880E-004
   150        0.01794872     0.506236E-006     0.221571E-005        3.0333
   151        0.02361673     0.182865E-005     0.988493E-005        3.0513
   152        0.02237375     0.359282E-006     0.101561E-004        3.0749
   153        0.02119618     0.256921E-006     0.540131E-005        3.0973
   154        0.02384571     0.325594E-006     0.744185E-005        3.1185
   155        0.02384571     0.636824E-006     0.116955E-004        3.1423
   156        0.02225599     0.713862E-006     0.966802E-005        3.1662
   157        0.02077226     0.300642E-006     0.611729E-005        3.1884
   158        0.02237012     0.850466E-006     0.542111E-005        3.2092
   159        0.02440377     0.157335E-006     0.835743E-005        3.2316
   160        0.02440377     0.611347E-008     0.934717E-005        3.2560
   161        0.02440377     0.139723E-007     0.978688E-005        3.2804
   162        0.02169224     0.359822E-006     0.840002E-005        3.3048
   163        0.02169224     0.779389E-006     0.132145E-004        3.3265
   164        0.01898071     0.258699E-007     0.673920E-005        3.3482
   165        0.01898071     0.198762E-006     0.451323E-005        3.3671
   166        0.01898071     0.340961E-006     0.291802E-005        3.3861
   167        0.02372589     0.439232E-006     0.444366E-005        3.4051
   168        0.02372589     0.492720E-006     0.440705E-005        3.4288
   169        0.02372589     0.426017E-006     0.400963E-005        3.4525
   170        0.02372589     0.516060E-006     0.456948E-005        3.4763
   171        0.02777778     0.263596E-006     0.134391E-004        3.5000
   172        0.02485380     0.509275E-006     0.119146E-004        3.5278
   173        0.02354571     0.275858E-006     0.626748E-005        3.5526
   174        0.02493075     0.297854E-006     0.810254E-005        3.5762
   175        0.02493075     0.214498E-006     0.944284E-005        3.6011
   176        0.02493075     0.699483E-007     0.889492E-005        3.6260
   177        0.02493075     0.201469E-006     0.378894E-005        3.6510
   178        0.02946361     0.277639E-008     0.208038E-005        3.6759
   179        0.03682951     0.121433E-006     0.747606E-005        3.7054
   180        0.03682951     0.447747E-006     0.862341E-005        3.7422
   181                                         0.331363E-004
   181        0.01841476     0.269713E-007     0.206858E-005        3.7790
   182        0.02532029     0.142079E-007     0.686539E-005        3.7974
   183        0.02532029     0.138027E-008     0.388434E-005        3.8228
   184        0.03038435     0.125801E-006     0.158077E-005        3.8481
   185        0.04051247     0.370146E-006     0.383529E-005        3.8785
   186        0.04051247     0.136930E-005     0.522503E-005        3.9190
   187                                         0.202208E-004
   187        0.02025623     0.138374E-006     0.124028E-005        3.9595
   188        0.02025623     0.709801E-007     0.141146E-005        3.9797
   189        0.02941176     0.312839E-006     0.347714E-005        4.0000
   190        0.03619910     0.457595E-006     0.912686E-005        4.0294
   191        0.03619910     0.571698E-006     0.195920E-004        4.0656
   192        0.02844215     0.233522E-006     0.499674E-005        4.1018
   193        0.03081232     0.242763E-006     0.205704E-005        4.1303
   194        0.04236695     0.881550E-007     0.126307E-004        4.1611
   195        0.03707108     0.336274E-006     0.146047E-004        4.2034
   196                                         0.212083E-004
   196        0.01853554     0.760070E-007     0.229619E-005        4.2405
   197        0.02409620     0.350513E-007     0.627271E-005        4.2590
   198        0.02409620     0.502793E-007     0.384444E-005        4.2831
   199        0.02753852     0.600189E-007     0.200857E-005        4.3072
   200        0.03304622     0.144740E-006     0.430562E-005        4.3348
   201        0.03304622     0.158597E-006     0.255891E-005        4.3678
   202        0.03304622     0.340908E-006     0.486052E-005        4.4009
   203        0.03304622     0.202468E-007     0.522414E-005        4.4339
   204        0.03304622     0.163219E-007     0.366834E-005        4.4670
   205        0.03846154     0.739296E-007     0.917027E-005        4.5000
   206        0.03846154     0.604737E-007     0.120775E-004        4.5385
   207        0.03525641     0.719380E-007     0.132412E-005        4.5769
   208        0.04847756     0.612474E-008     0.210738E-005        4.6122
   209                                         0.599012E-004
   209        0.03084936     0.330780E-007     0.174779E-005        4.6607
   210                                         0.234049E-004
   210        0.02570780     0.410931E-007     0.259949E-005        4.6915
   211        0.03142064     0.130535E-007     0.694114E-005        4.7172
   212        0.03142064     0.774186E-008     0.191069E-005        4.7486
   213        0.04398890     0.396424E-007     0.481326E-005        4.7801
   214        0.04398890     0.403369E-006     0.280740E-005        4.8240
   215        0.04398890     0.776010E-006     0.112953E-004        4.8680
   216        0.02932593     0.748877E-007     0.151018E-005        4.9120
   217        0.02932593     0.615526E-007     0.125412E-005        4.9413
   218        0.02932593     0.136832E-007     0.360312E-005        4.9707
