 $REFDET
 1 33
      231    0.947772
     1338   -0.132880
     3189   -0.132880
     1352   -0.088590
     3175   -0.088590
      267    0.061967
     5115    0.061967
      883   -0.057673
     1336   -0.057673
     3173   -0.057673
      897   -0.057673
      881   -0.056564
     5151    0.044005
     2416    0.041176
      248    0.041176
      260    0.041176
     4088    0.041176
      238    0.030293
     1331    0.030293
     3168    0.030293
      252    0.030293
      452   -0.028944
      618   -0.028944
      236   -0.027156
      876   -0.027156
     3339   -0.026624
     1188   -0.026624
      739   -0.022041
      824   -0.022041
     2452    0.021322
     5132    0.021322
     5144    0.021322
     4124    0.021322
 2 31 
      935    0.935513
     4181    0.141996
     2492    0.140766
     2509    0.094479
     4164    0.093769
      946    0.081398
     2475   -0.078853
     4147   -0.073305
      988    0.069722
     2486   -0.060290
     4158   -0.060006
     1657   -0.056456
     6556    0.056192
     3656   -0.055079
     6609    0.052057
     3651    0.048224
     1650   -0.048224
     4810   -0.045074
      965   -0.040825
      982   -0.039522
     2809   -0.038297
      942   -0.036222
      938    0.036222
     4491    0.028848
     2182    0.028733
      969   -0.026848
     6573    0.024035
     6586   -0.023329
     6603   -0.023229
     6590    0.022810
      971    0.021406
 3 44
      820    0.661507
      235   -0.661507
     4053    0.100406
     3196   -0.100406
     1347   -0.099537
     2367    0.099537
     3538   -0.070819
      475    0.070819
     1537   -0.067001
      625    0.067001
     2381    0.064883
     3184   -0.064883
     4039    0.064868
     1359   -0.064868
      825   -0.057557
      880    0.057557
      856    0.047612
     5119   -0.047612
      278   -0.044784
     6441    0.044784
      892   -0.040237
     2365    0.040237
     4037    0.039568
      904   -0.039568
     6477    0.036810
     5162   -0.036810
     3453    0.034100
      254   -0.034100
     1535   -0.034100
      240    0.034100
      837    0.031262
     2420   -0.031262
     4092   -0.030809
      849    0.030809
     2360   -0.028677
      247    0.028677
      822   -0.025613
      620    0.025613
      737    0.025613
      454   -0.025613
     4368    0.022398
     1197   -0.022398
     3346   -0.021679
     2052    0.021679
 4 31
      175    0.935513
     3120    0.141996
     1278    0.140766
     3115    0.094479
     1283    0.093769
      792    0.081398
      178   -0.078853
      183   -0.073305
     5059    0.069722
      795   -0.060290
      800   -0.060006
      561   -0.056456
      193    0.056192
      402   -0.055079
     5077    0.052057
      146    0.048224
      176   -0.048224
       50   -0.045074
     2332   -0.040825
     4004   -0.039522
       99   -0.038297
      560   -0.036222
      359    0.036222
     1119    0.028848
     3279    0.028733
     3112   -0.026848
     1293    0.024035
     2350   -0.023329
     4022   -0.023229
     3130    0.022810
     3241    0.021406
 5 31
      934    0.935513
     2491    0.141846
     4180    0.140616
     4163    0.094629
     2508    0.093919
      945    0.081398
     4146   -0.078853
     2474   -0.073305
      987    0.069722
     4157   -0.060290
     2485   -0.060006
     3655   -0.056456
     6555    0.056192
     1656   -0.055080
     6608    0.052057
     3652    0.048224
     1649    0.048224
     2683   -0.045074
      981   -0.040825
      964   -0.039522
     4684   -0.038297
      941    0.036222
      939    0.036222
     2181    0.028998
     4490    0.028883
      951   -0.026848
     6589    0.024035
     6602   -0.023329
     6585   -0.023229
     6572    0.022810
      949    0.021406
 6 44
      736   -0.661507
      234    0.661507
     2283   -0.100300
     1346    0.100300
     3969   -0.099431
     3195    0.099431
     1453    0.070819
      624   -0.070819
      474   -0.067001
     3454    0.067001
     1358    0.064989
     3955   -0.064989
     3183    0.064974
     2297   -0.064974
      879   -0.057557
      741    0.057557
      772   -0.047612
     5118    0.047612
      277    0.044784
     6357   -0.044784
     3953   -0.040237
      903    0.040237
      891    0.039568
     2281   -0.039568
     5161    0.036810
     6393   -0.036810
     3537   -0.034100
      255    0.034100
     1451   -0.034100
      239    0.034100
      765   -0.031262
     4091    0.031262
      753   -0.030809
     2419    0.030809
     3948    0.028677
      258   -0.028677
      738   -0.025613
      619    0.025613
      821   -0.025613
      455    0.025613
     1968   -0.022504
     3345    0.022504
     1196    0.021785
     4284   -0.021785
 7 31
      139    0.935513
     1242    0.141846
     3084    0.140616
     1247    0.094629
     3079    0.093919
      708    0.081398
      147   -0.078853
      142   -0.073305
     5023    0.069722
      716   -0.060290
      711   -0.060006
      366   -0.056456
      157    0.056192
      525   -0.055080
     5041    0.052057
      182    0.048224
      140    0.048224
       98   -0.045074
     3920   -0.040825
     2248   -0.039522
       49   -0.038297
      524    0.036222
      395    0.036222
     3243    0.028998
     1083    0.028883
     1239   -0.026848
     3094    0.024035
     3938   -0.023329
     2266   -0.023229
     1257    0.022810
     1110    0.021406
 8 22
      933    0.952304
     4179    0.159033
      943    0.123825
     2507    0.119838
     6554    0.091801
     2483   -0.068517
     4155   -0.062328
     3654   -0.062002
     4145   -0.046925
     2473   -0.045275
      979   -0.039684
     6600   -0.035316
      974   -0.033515
     1651    0.030269
     2684   -0.026735
     4191   -0.025755
     3649   -0.023645
     1648    0.023645
     4489    0.022003
     2811   -0.021652
     6588    0.021321
     2519   -0.020723
 9 28
      233    0.673380
      616   -0.673380
     3194    0.112453
     3849   -0.112453
      621    0.087557
      878   -0.087557
     3835   -0.080472
     1357    0.080472
      652   -0.069180
     5117    0.069180
     2418    0.048449
      633   -0.048449
     3334    0.046338
      473   -0.046338
      902    0.041092
     3833   -0.041092
      623   -0.032014
     1333    0.032014
      645   -0.031040
     4090    0.031040
     3828    0.030685
      257   -0.030685
     6523    0.024972
     3876   -0.024972
      264    0.022195
     4572   -0.022195
     1591   -0.021403
      241    0.021403
 10 22
       94    0.952304
     3039    0.159033
      588    0.123825
     3034    0.119838
      112    0.091801
      591   -0.068517
      596   -0.062328
      321   -0.062002
      102   -0.046925
       97   -0.045275
     3800   -0.039684
     3818   -0.035316
     3397   -0.033515
      204    0.030269
      143   -0.026735
     3808   -0.025755
       46   -0.023645
       95    0.023645
     1038    0.022003
      180   -0.021652
     3049    0.021321
     3803   -0.020723
 11 22
      932    0.952304
     2487   -0.159033
      940    0.123825
     4159   -0.119838
     6553    0.091801
     4152   -0.068517
     2480   -0.062328
     1652    0.062002
     2472   -0.046925
     4144   -0.045275
      959    0.039684
     6580    0.035316
      954    0.033515
     3653    0.030269
     4813   -0.026735
     2499    0.025755
     1647   -0.023645
     3650   -0.023645
     2177   -0.022003
     4686   -0.021652
     6568   -0.021321
     4171    0.020723
 12 28
      451   -0.673380
      232    0.673380
     1342   -0.112453
     1833    0.112453
      877   -0.087557
      456    0.087557
     1847    0.080472
     3179   -0.080472
      487   -0.069180
     5116    0.069180
      480   -0.048449
     4089    0.048449
      622   -0.046338
     1168    0.046338
     1831    0.041092
      887   -0.041092
     3169    0.032014
      472   -0.032014
      468   -0.031040
     2417    0.031040
      242    0.030685
     1826   -0.030685
     6508   -0.024972
     1874    0.024972
      249   -0.022195
     2570    0.022195
      256    0.021403
     3593   -0.021403
 13 22
       39    0.952304
     1032   -0.159033
      423    0.123825
     1037   -0.119838
       57    0.091801
      431   -0.068517
      426   -0.062328
      315    0.062002
       42   -0.046925
       47   -0.045275
     1798    0.039684
     1816    0.035316
     1395    0.033515
      210    0.030269
      186   -0.026735
     1801    0.025755
       40   -0.023645
      101   -0.023645
     3033   -0.022003
      149   -0.021652
     1047   -0.021321
     1806    0.020723
 14 32
      235    0.664534
      820    0.664534
     3196    0.098267
     4053    0.098267
     1347    0.097674
     2367    0.097674
      240   -0.075328
     1535   -0.075328
      254    0.075328
     3453    0.075328
     1359    0.065907
     4039    0.065907
     3184    0.065882
     2381    0.065882
     5119    0.048763
      856    0.048763
      278    0.045421
     6441    0.045421
      892    0.042012
     2365    0.042012
      904    0.041598
     4037    0.041598
      825   -0.039658
      880   -0.039658
     5162    0.036416
     6477    0.036416
     2420    0.031721
      837    0.031721
     4092    0.031440
      849    0.031440
      247   -0.025631
     2360   -0.025631
 15 32
      234    0.664534
      736    0.664534
     1346    0.098206
     2283    0.098206
     3969    0.097612
     3195    0.097612
     3537    0.075328
      255    0.075328
      239    0.075328
     1451    0.075328
     3183    0.065969
     2297    0.065969
     1358    0.065944
     3955    0.065944
      772    0.048763
     5118    0.048763
     6357    0.045421
      277    0.045421
     3953    0.042012
      903    0.042012
      891    0.041598
     2281    0.041598
      741   -0.039658
      879   -0.039658
     5161    0.036416
     6393    0.036416
     4091    0.031721
      765    0.031721
     2419    0.031440
      753    0.031440
     3948   -0.025631
      258   -0.025631
 16 28
      616    0.675133
      233    0.675133
     3849    0.107836
     3194    0.107836
     1357    0.084500
     3835    0.084500
     5117    0.073748
      652    0.073748
      878   -0.064169
      621   -0.064169
     3828   -0.048968
      257   -0.048968
      902    0.048231
     3833    0.048231
     3334   -0.046871
      473   -0.046871
     1333   -0.043466
      623   -0.043466
      645    0.036908
     4090    0.036908
      633    0.028154
     2418    0.028154
      264    0.022654
     4572    0.022654
     3876    0.022480
     6523    0.022480
     1454    0.022295
      744    0.022295
 17 28
      232    0.675133
      451    0.675133
     1833   -0.107836
     1342   -0.107836
     1847   -0.084500
     3179   -0.084500
     5116    0.073748
      487    0.073748
      877   -0.064169
      456   -0.064169
      242    0.048968
     1826    0.048968
      887   -0.048231
     1831   -0.048231
      622   -0.046871
     1168   -0.046871
      472   -0.043466
     3169   -0.043466
     2417    0.036908
      468    0.036908
      480    0.028154
     4089    0.028154
      249   -0.022654
     2570   -0.022654
     6508   -0.022480
     1874   -0.022480
      844    0.022295
     3541    0.022295
 1  1 1.00000000E+00 0.00000000E+00 0.00000000E+00 0.00000000E+00 0.00000000E+00
 1  2 0.00000000E+00 0.00000000E+00 0.00000000E+00 0.00000000E+00 0.00000000E+00
 1  3 0.00000000E+00 0.00000000E+00 0.00000000E+00 0.00000000E+00 0.00000000E+00
 1  4 0.00000000E+00 0.00000000E+00
 2  1 0.00000000E+00 1.00000000E+00 0.00000000E+00 0.00000000E+00 0.00000000E+00
 2  2 0.00000000E+00 0.00000000E+00 0.00000000E+00 0.00000000E+00 0.00000000E+00
 2  3 0.00000000E+00 0.00000000E+00 0.00000000E+00 0.00000000E+00 0.00000000E+00
 2  4 0.00000000E+00 0.00000000E+00
 3  1 0.00000000E+00 0.00000000E+00 1.00000000E+00 0.00000000E+00 0.00000000E+00
 3  2 0.00000000E+00 0.00000000E+00 0.00000000E+00 0.00000000E+00 0.00000000E+00
 3  3 0.00000000E+00 0.00000000E+00 0.00000000E+00 0.00000000E+00 0.00000000E+00
 3  4 0.00000000E+00 0.00000000E+00
 4  1 0.00000000E+00 0.00000000E+00 0.00000000E+00 1.00000000E+00 0.00000000E+00
 4  2 0.00000000E+00 0.00000000E+00 0.00000000E+00 0.00000000E+00 0.00000000E+00
 4  3 0.00000000E+00 0.00000000E+00 0.00000000E+00 0.00000000E+00 0.00000000E+00
 4  4 0.00000000E+00 0.00000000E+00
 5  1 0.00000000E+00 0.00000000E+00 0.00000000E+00 0.00000000E+00 1.00000000E+00
 5  2 0.00000000E+00 0.00000000E+00 0.00000000E+00 0.00000000E+00 0.00000000E+00
 5  3 0.00000000E+00 0.00000000E+00 0.00000000E+00 0.00000000E+00 0.00000000E+00
 5  4 0.00000000E+00 0.00000000E+00
 6  1 0.00000000E+00 0.00000000E+00 0.00000000E+00 0.00000000E+00 0.00000000E+00
 6  2 1.00000000E+00 0.00000000E+00 0.00000000E+00 0.00000000E+00 0.00000000E+00
 6  3 0.00000000E+00 0.00000000E+00 0.00000000E+00 0.00000000E+00 0.00000000E+00
 6  4 0.00000000E+00 0.00000000E+00
 7  1 0.00000000E+00 0.00000000E+00 0.00000000E+00 0.00000000E+00 0.00000000E+00
 7  2 0.00000000E+00 1.00000000E+00 0.00000000E+00 0.00000000E+00 0.00000000E+00
 7  3 0.00000000E+00 0.00000000E+00 0.00000000E+00 0.00000000E+00 0.00000000E+00
 7  4 0.00000000E+00 0.00000000E+00
 8  1 0.00000000E+00 0.00000000E+00 0.00000000E+00 0.00000000E+00 0.00000000E+00
 8  2 0.00000000E+00 0.00000000E+00 1.00000000E+00 0.00000000E+00 0.00000000E+00
 8  3 0.00000000E+00 0.00000000E+00 0.00000000E+00 0.00000000E+00 0.00000000E+00
 8  4 0.00000000E+00 0.00000000E+00
 9  1 0.00000000E+00 0.00000000E+00 0.00000000E+00 0.00000000E+00 0.00000000E+00
 9  2 0.00000000E+00 0.00000000E+00 0.00000000E+00 1.00000000E+00 0.00000000E+00
 9  3 0.00000000E+00 0.00000000E+00 0.00000000E+00 0.00000000E+00 0.00000000E+00
 9  4 0.00000000E+00 0.00000000E+00
10  1 0.00000000E+00 0.00000000E+00 0.00000000E+00 0.00000000E+00 0.00000000E+00
10  2 0.00000000E+00 0.00000000E+00 0.00000000E+00 0.00000000E+00 1.00000000E+00
10  3 0.00000000E+00 0.00000000E+00 0.00000000E+00 0.00000000E+00 0.00000000E+00
10  4 0.00000000E+00 0.00000000E+00
11  1 0.00000000E+00 0.00000000E+00 0.00000000E+00 0.00000000E+00 0.00000000E+00
11  2 0.00000000E+00 0.00000000E+00 0.00000000E+00 0.00000000E+00 0.00000000E+00
11  3 1.00000000E+00 0.00000000E+00 0.00000000E+00 0.00000000E+00 0.00000000E+00
11  4 0.00000000E+00 0.00000000E+00
12  1 0.00000000E+00 0.00000000E+00 0.00000000E+00 0.00000000E+00 0.00000000E+00
12  2 0.00000000E+00 0.00000000E+00 0.00000000E+00 0.00000000E+00 0.00000000E+00
12  3 0.00000000E+00 1.00000000E+00 0.00000000E+00 0.00000000E+00 0.00000000E+00
12  4 0.00000000E+00 0.00000000E+00
13  1 0.00000000E+00 0.00000000E+00 0.00000000E+00 0.00000000E+00 0.00000000E+00
13  2 0.00000000E+00 0.00000000E+00 0.00000000E+00 0.00000000E+00 0.00000000E+00
13  3 0.00000000E+00 0.00000000E+00 1.00000000E+00 0.00000000E+00 0.00000000E+00
13  4 0.00000000E+00 0.00000000E+00
14  1 0.00000000E+00 0.00000000E+00 0.00000000E+00 0.00000000E+00 0.00000000E+00
14  2 0.00000000E+00 0.00000000E+00 0.00000000E+00 0.00000000E+00 0.00000000E+00
14  3 0.00000000E+00 0.00000000E+00 0.00000000E+00 1.00000000E+00 0.00000000E+00
14  4 0.00000000E+00 0.00000000E+00
15  1 0.00000000E+00 0.00000000E+00 0.00000000E+00 0.00000000E+00 0.00000000E+00
15  2 0.00000000E+00 0.00000000E+00 0.00000000E+00 0.00000000E+00 0.00000000E+00
15  3 0.00000000E+00 0.00000000E+00 0.00000000E+00 0.00000000E+00 1.00000000E+00
15  4 0.00000000E+00 0.00000000E+00
16  1 0.00000000E+00 0.00000000E+00 0.00000000E+00 0.00000000E+00 0.00000000E+00
16  2 0.00000000E+00 0.00000000E+00 0.00000000E+00 0.00000000E+00 0.00000000E+00
16  3 0.00000000E+00 0.00000000E+00 0.00000000E+00 0.00000000E+00 0.00000000E+00
16  4 1.00000000E+00 0.00000000E+00
17  1 0.00000000E+00 0.00000000E+00 0.00000000E+00 0.00000000E+00 0.00000000E+00
17  2 0.00000000E+00 0.00000000E+00 0.00000000E+00 0.00000000E+00 0.00000000E+00
17  3 0.00000000E+00 0.00000000E+00 0.00000000E+00 0.00000000E+00 0.00000000E+00
17  4 0.00000000E+00 1.00000000E+00
 $END 
