#    time[fs]         Re(autocorrel)     Im(autocorrel)     Abs(autocorrel)
     0.00000000       1.00000000000000   0.00000000000000   1.00000000000000
     1.00000000       0.70464932928826  -0.70883125016730   0.99948607718173
     2.00000000      -0.00530216732633  -0.99813115065629   0.99814523336477
     3.00000000      -0.70933188141333  -0.69989828202618   0.99649853144527
     4.00000000      -0.99515213576590   0.00708613563027   0.99517736441179
     5.00000000      -0.69841315075239   0.70823297820769   0.99467325316649
     6.00000000       0.00684737138873   0.99512289898338   0.99514645684744
     7.00000000       0.70973043410924   0.69930503078431   0.99636580389992
     8.00000000       0.99776325067340  -0.00883455928755   0.99780236210993
     9.00000000       0.69834865540757  -0.71413962365527   0.99884245333488
     10.0000000      -0.01393428181754  -0.99894020717533   0.99903738754926
     11.0000000      -0.71748256970465  -0.69411624007337   0.99828783051962
     12.0000000      -0.99671540923476   0.01838377231392   0.99688493322474
     13.0000000      -0.69009307942106   0.71733994152555   0.99539190772917
     14.0000000       0.01931382199737   0.99423000496446   0.99441758154800
     15.0000000       0.71643936029390   0.68956115003755   0.99437414317722
     16.0000000       0.99513178061927  -0.01897098478753   0.99531259364196
     17.0000000       0.69081581021516  -0.71873523367326   0.99689860054400
     18.0000000      -0.02154319640392  -0.99830796897170   0.99854038988100
     19.0000000      -0.72374142753752  -0.68952336485344   0.99962199086098
     20.0000000      -0.99937956331505   0.02718592983591   0.99974926174157
     21.0000000      -0.68489436420813   0.72714069951949   0.99890634547076
     22.0000000       0.03174882926673   0.99695209392524   0.99745750071957
     23.0000000       0.72697868783637   0.68081680385338   0.99599675349743
     24.0000000       0.99456995566098  -0.03277276373372   0.99510976818954
     25.0000000       0.68019408671639  -0.72639105148631   0.99514217842645
     26.0000000      -0.03293603184084  -0.99551790451834   0.99606258860074
     27.0000000      -0.72898101496283  -0.68083857719756   0.99747405398669
     28.0000000      -0.99812073561201   0.03609929713924   0.99877332869506
     29.0000000      -0.67869184401327   0.73360186965223   0.99939697932672
     30.0000000       0.04165972131507   0.99818408278556   0.99905304939553
     31.0000000       0.73599181422870   0.67379682660097   0.99784072584215
     32.0000000       0.99517679640172  -0.04536554805350   0.99621026347182
     33.0000000       0.67030988476903  -0.73503743690738   0.99478408475129
     34.0000000      -0.04552303293639  -0.99306973306741   0.99411258983191
     35.0000000      -0.73443266859684  -0.67048903869778   0.99445809148307
     36.0000000      -0.99465072956127   0.04546037323822   0.99568906760682
     37.0000000      -0.67145253935485   0.73743923296685   0.99732900034282
     38.0000000       0.04883650973176   0.99755069204445   0.99874540693870
     39.0000000       0.74224775817465   0.66923619193914   0.99940423008735
     40.0000000       0.99759940097335  -0.05442911613836   0.99908312642442
     41.0000000       0.66446486880426  -0.74458113396482   0.99795522290902
     42.0000000      -0.05794801101334  -0.99482710366949   0.99651339086629
     43.0000000      -0.74388815360647  -0.66135698896691   0.99537061034140
     44.0000000      -0.99330713064187   0.05828141933063   0.99501546702711
     45.0000000      -0.66155943037295   0.74403540433532   0.99561516803422
     46.0000000       0.05903576940524   0.99519397353529   0.99694346230377
     47.0000000       0.74765527605871   0.66177694988059   0.99846739717012
     48.0000000       0.99755708846827  -0.06328596237955   0.99956253320520
     49.0000000       0.65853761934200  -0.75223918514170   0.99976776690953
     50.0000000      -0.06900424870956  -0.99658571063453   0.99897180389684
