  0.20759394  0.00000011 -0.00000000  0.12116589  0.00000000
 -0.00000009  0.24437525  0.00000000 -0.00000006 -0.00000000
 -0.00000000 -0.00000000  0.23563343  0.00000000  0.00000000
 -0.07435167  0.00000007  0.00000166  0.43804860  0.00000003
 -0.00000013  0.14907710  0.00000000  0.00000005  0.70435636
  0.38550407  0.00000006  0.23563092 -0.43327923 -0.00000001
 -0.07435167  0.00000007 -0.00000167  0.43804860 -0.00000003
 -0.00000013  0.14907710 -0.00000000  0.00000005 -0.70435636
 -0.38550407 -0.00000006  0.23563091  0.43327924 -0.00000001
  0.00000000 -0.00000000 -0.00000000 -0.06887286
 -0.05292094 -0.00000000  0.00000000  0.00000000
 -0.00000000 -0.06786359 -0.04890100  0.00000000
 -0.00000005 -0.41177238  0.57145551  0.54653739
  0.68839952  0.00000002 -0.00000002 -0.00000002
  0.00000010  0.53853073  0.38804718  0.39971688
 -0.00000005  0.41177238 -0.57145548  0.54653742
  0.68839952 -0.00000002  0.00000002 -0.00000002
 -0.00000010  0.53853073  0.38804716 -0.39971690
