 $DMO    
 1  1 0.00000000E+00 0.00000000E+00 0.00000000E+00 0.00000000E+00 0.00000000E+00
 1  2 4.73743933E-03 0.00000000E+00 0.00000000E+00-1.80987322E-02 0.00000000E+00
 1  3 0.00000000E+00 0.00000000E+00 0.00000000E+00 8.80811242E-03 9.70400218E-03
 1  4 0.00000000E+00 0.00000000E+00 0.00000000E+00 0.00000000E+00 0.00000000E+00
 1  5 4.73743933E-03 0.00000000E+00 0.00000000E+00-1.80987322E-02 0.00000000E+00
 1  6 0.00000000E+00 0.00000000E+00 0.00000000E+00-8.80811242E-03 9.70400218E-03
 1  7 0.00000000E+00 0.00000000E+00 0.00000000E+00 0.00000000E+00 0.00000000E+00
 1  8 4.73743933E-03 0.00000000E+00 0.00000000E+00-1.80987322E-02 0.00000000E+00
 1  9 0.00000000E+00 0.00000000E+00 0.00000000E+00 8.80811242E-03-9.70400218E-03
 1 10 0.00000000E+00 0.00000000E+00 0.00000000E+00 0.00000000E+00 0.00000000E+00
 1 11 4.73743933E-03 0.00000000E+00 0.00000000E+00-1.80987322E-02 0.00000000E+00
 1 12 0.00000000E+00 0.00000000E+00 0.00000000E+00-8.80811242E-03-9.70400218E-03
 1 13 0.00000000E+00 0.00000000E+00 0.00000000E+00 0.00000000E+00 0.00000000E+00
 1 14-8.21370443E-02 0.00000000E+00 0.00000000E+00-6.55549220E-02 0.00000000E+00
 1 15 0.00000000E+00 0.00000000E+00 0.00000000E+00 1.60395629E-04-3.03399284E-03
 1 16 0.00000000E+00 0.00000000E+00 0.00000000E+00 0.00000000E+00 0.00000000E+00
 1 17-8.21370443E-02 0.00000000E+00 0.00000000E+00-6.55549220E-02 0.00000000E+00
 1 18 0.00000000E+00 0.00000000E+00 0.00000000E+00-1.60395629E-04-3.03399284E-03
 1 19 0.00000000E+00 0.00000000E+00 0.00000000E+00 0.00000000E+00 0.00000000E+00
 1 20-8.21370443E-02 0.00000000E+00 0.00000000E+00-6.55549220E-02 0.00000000E+00
 1 21 0.00000000E+00 0.00000000E+00 0.00000000E+00 1.60395629E-04 3.03399284E-03
 1 22 0.00000000E+00 0.00000000E+00 0.00000000E+00 0.00000000E+00 0.00000000E+00
 1 23-8.21370443E-02 0.00000000E+00 0.00000000E+00-6.55549220E-02 0.00000000E+00
 1 24 0.00000000E+00 0.00000000E+00 0.00000000E+00-1.60395629E-04 3.03399284E-03
 1 25 0.00000000E+00 0.00000000E+00 0.00000000E+00 0.00000000E+00 0.00000000E+00
 1 26 2.12382006E-01 0.00000000E+00 0.00000000E+00 1.07371963E-01 0.00000000E+00
 1 27 0.00000000E+00 0.00000000E+00 0.00000000E+00 0.00000000E+00 1.74829866E-02
 1 28 0.00000000E+00 0.00000000E+00 0.00000000E+00 0.00000000E+00 0.00000000E+00
 1 29 2.12382006E-01 0.00000000E+00 0.00000000E+00 1.07371963E-01 0.00000000E+00
 1 30 0.00000000E+00 0.00000000E+00 0.00000000E+00 0.00000000E+00-1.74829866E-02
 1 31 0.00000000E+00 0.00000000E+00 0.00000000E+00 0.00000000E+00 0.00000000E+00
 1 32 2.25512031E-01 0.00000000E+00 0.00000000E+00 1.31205171E-01 0.00000000E+00
 1 33 0.00000000E+00 0.00000000E+00 0.00000000E+00 9.68472549E-03 6.64294133E-03
 1 34 0.00000000E+00 0.00000000E+00 0.00000000E+00 0.00000000E+00 0.00000000E+00
 1 35 2.25512031E-01 0.00000000E+00 0.00000000E+00 1.31205171E-01 0.00000000E+00
 1 36 0.00000000E+00 0.00000000E+00 0.00000000E+00-9.68472549E-03 6.64294133E-03
 1 37 0.00000000E+00 0.00000000E+00 0.00000000E+00 0.00000000E+00 0.00000000E+00
 1 38 2.25512031E-01 0.00000000E+00 0.00000000E+00 1.31205171E-01 0.00000000E+00
 1 39 0.00000000E+00 0.00000000E+00 0.00000000E+00 9.68472549E-03-6.64294133E-03
 1 40 0.00000000E+00 0.00000000E+00 0.00000000E+00 0.00000000E+00 0.00000000E+00
 1 41 2.25512031E-01 0.00000000E+00 0.00000000E+00 1.31205171E-01 0.00000000E+00
 1 42 0.00000000E+00 0.00000000E+00 0.00000000E+00-9.68472549E-03-6.64294133E-03
 1 43 0.00000000E+00 0.00000000E+00 0.00000000E+00 0.00000000E+00 0.00000000E+00
 1 44-1.77654396E-02 0.00000000E+00 0.00000000E+00-1.41012964E-02 0.00000000E+00
 1 45 0.00000000E+00 0.00000000E+00 0.00000000E+00 5.37200792E-04-4.72011827E-04
 1 46 0.00000000E+00 0.00000000E+00 0.00000000E+00 0.00000000E+00 0.00000000E+00
 1 47-1.77654396E-02 0.00000000E+00 0.00000000E+00-1.41012964E-02 0.00000000E+00
 1 48 0.00000000E+00 0.00000000E+00 0.00000000E+00-5.37200792E-04-4.72011827E-04
 1 49 0.00000000E+00 0.00000000E+00 0.00000000E+00 0.00000000E+00 0.00000000E+00
 1 50-1.77654396E-02 0.00000000E+00 0.00000000E+00-1.41012964E-02 0.00000000E+00
 1 51 0.00000000E+00 0.00000000E+00 0.00000000E+00 5.37200792E-04 4.72011827E-04
 1 52 0.00000000E+00 0.00000000E+00 0.00000000E+00 0.00000000E+00 0.00000000E+00
 1 53-1.77654396E-02 0.00000000E+00 0.00000000E+00-1.41012964E-02 0.00000000E+00
 1 54 0.00000000E+00 0.00000000E+00 0.00000000E+00-5.37200792E-04 4.72011827E-04
 1 55 0.00000000E+00 0.00000000E+00 0.00000000E+00 0.00000000E+00 6.86473396E-03
 1 56 0.00000000E+00 0.00000000E+00 0.00000000E+00 0.00000000E+00 6.86473396E-03
 1 57 0.00000000E+00 0.00000000E+00 0.00000000E+00 0.00000000E+00-6.04664676E-04
 1 58 0.00000000E+00 0.00000000E+00 0.00000000E+00 0.00000000E+00-6.04664677E-04
 1 59 0.00000000E+00 0.00000000E+00 0.00000000E+00 0.00000000E+00-6.04664676E-04
 1 60 0.00000000E+00 0.00000000E+00 0.00000000E+00 0.00000000E+00-6.04664676E-04
 2  1 0.00000000E+00 0.00000000E+00 0.00000000E+00 0.00000000E+00 0.00000000E+00
 2  2 3.13472864E-02 0.00000000E+00 0.00000000E+00 6.77153324E-03 0.00000000E+00
 2  3 0.00000000E+00 0.00000000E+00 0.00000000E+00 7.29564633E-03 1.10696187E-02
 2  4 0.00000000E+00 0.00000000E+00 0.00000000E+00 0.00000000E+00 0.00000000E+00
 2  5 3.13472864E-02 0.00000000E+00 0.00000000E+00 6.77153324E-03 0.00000000E+00
 2  6 0.00000000E+00 0.00000000E+00 0.00000000E+00-7.29564633E-03 1.10696187E-02
 2  7 0.00000000E+00 0.00000000E+00 0.00000000E+00 0.00000000E+00 0.00000000E+00
 2  8-3.13472864E-02 0.00000000E+00 0.00000000E+00-6.77153324E-03 0.00000000E+00
 2  9 0.00000000E+00 0.00000000E+00 0.00000000E+00-7.29564633E-03 1.10696187E-02
 2 10 0.00000000E+00 0.00000000E+00 0.00000000E+00 0.00000000E+00 0.00000000E+00
 2 11-3.13472864E-02 0.00000000E+00 0.00000000E+00-6.77153324E-03 0.00000000E+00
 2 12 0.00000000E+00 0.00000000E+00 0.00000000E+00 7.29564633E-03 1.10696187E-02
 2 13 0.00000000E+00 0.00000000E+00 0.00000000E+00 0.00000000E+00 0.00000000E+00
 2 14-1.12127499E-01 0.00000000E+00 0.00000000E+00-9.30166833E-02 0.00000000E+00
 2 15 0.00000000E+00 0.00000000E+00 0.00000000E+00 4.19390001E-04-3.08457024E-03
 2 16 0.00000000E+00 0.00000000E+00 0.00000000E+00 0.00000000E+00 0.00000000E+00
 2 17-1.12127499E-01 0.00000000E+00 0.00000000E+00-9.30166833E-02 0.00000000E+00
 2 18 0.00000000E+00 0.00000000E+00 0.00000000E+00-4.19390001E-04-3.08457024E-03
 2 19 0.00000000E+00 0.00000000E+00 0.00000000E+00 0.00000000E+00 0.00000000E+00
 2 20 1.12127499E-01 0.00000000E+00 0.00000000E+00 9.30166833E-02 0.00000000E+00
 2 21 0.00000000E+00 0.00000000E+00 0.00000000E+00-4.19390001E-04-3.08457024E-03
 2 22 0.00000000E+00 0.00000000E+00 0.00000000E+00 0.00000000E+00 0.00000000E+00
 2 23 1.12127499E-01 0.00000000E+00 0.00000000E+00 9.30166833E-02 0.00000000E+00
 2 24 0.00000000E+00 0.00000000E+00 0.00000000E+00 4.19390001E-04-3.08457024E-03
 2 25 0.00000000E+00 0.00000000E+00 0.00000000E+00 0.00000000E+00 0.00000000E+00
 2 26 3.01136098E-01 0.00000000E+00 0.00000000E+00 1.98185546E-01 0.00000000E+00
 2 27 0.00000000E+00 0.00000000E+00 0.00000000E+00 0.00000000E+00 1.56507159E-02
 2 28 0.00000000E+00 0.00000000E+00 0.00000000E+00 0.00000000E+00 0.00000000E+00
 2 29-3.01136098E-01 0.00000000E+00 0.00000000E+00-1.98185546E-01 0.00000000E+00
 2 30 0.00000000E+00 0.00000000E+00 0.00000000E+00 0.00000000E+00 1.56507159E-02
 2 31 0.00000000E+00 0.00000000E+00 0.00000000E+00 0.00000000E+00 0.00000000E+00
 2 32 1.81967541E-01 0.00000000E+00 0.00000000E+00 1.32782668E-01 0.00000000E+00
 2 33 0.00000000E+00 0.00000000E+00 0.00000000E+00 1.19833806E-02-1.91163270E-02
 2 34 0.00000000E+00 0.00000000E+00 0.00000000E+00 0.00000000E+00 0.00000000E+00
 2 35 1.81967541E-01 0.00000000E+00 0.00000000E+00 1.32782668E-01 0.00000000E+00
 2 36 0.00000000E+00 0.00000000E+00 0.00000000E+00-1.19833806E-02-1.91163270E-02
 2 37 0.00000000E+00 0.00000000E+00 0.00000000E+00 0.00000000E+00 0.00000000E+00
 2 38-1.81967541E-01 0.00000000E+00 0.00000000E+00-1.32782668E-01 0.00000000E+00
 2 39 0.00000000E+00 0.00000000E+00 0.00000000E+00-1.19833806E-02-1.91163270E-02
 2 40 0.00000000E+00 0.00000000E+00 0.00000000E+00 0.00000000E+00 0.00000000E+00
 2 41-1.81967541E-01 0.00000000E+00 0.00000000E+00-1.32782668E-01 0.00000000E+00
 2 42 0.00000000E+00 0.00000000E+00 0.00000000E+00 1.19833806E-02-1.91163270E-02
 2 43 0.00000000E+00 0.00000000E+00 0.00000000E+00 0.00000000E+00 0.00000000E+00
 2 44 4.28400775E-03 0.00000000E+00 0.00000000E+00-7.24366994E-03 0.00000000E+00
 2 45 0.00000000E+00 0.00000000E+00 0.00000000E+00 1.90716054E-03-2.87063124E-04
 2 46 0.00000000E+00 0.00000000E+00 0.00000000E+00 0.00000000E+00 0.00000000E+00
 2 47 4.28400775E-03 0.00000000E+00 0.00000000E+00-7.24366994E-03 0.00000000E+00
 2 48 0.00000000E+00 0.00000000E+00 0.00000000E+00-1.90716054E-03-2.87063124E-04
 2 49 0.00000000E+00 0.00000000E+00 0.00000000E+00 0.00000000E+00 0.00000000E+00
 2 50-4.28400775E-03 0.00000000E+00 0.00000000E+00 7.24366994E-03 0.00000000E+00
 2 51 0.00000000E+00 0.00000000E+00 0.00000000E+00-1.90716054E-03-2.87063124E-04
 2 52 0.00000000E+00 0.00000000E+00 0.00000000E+00 0.00000000E+00 0.00000000E+00
 2 53-4.28400775E-03 0.00000000E+00 0.00000000E+00 7.24366994E-03 0.00000000E+00
 2 54 0.00000000E+00 0.00000000E+00 0.00000000E+00 1.90716054E-03-2.87063124E-04
 2 55 0.00000000E+00 0.00000000E+00 0.00000000E+00 0.00000000E+00 1.01123521E-02
 2 56 0.00000000E+00 0.00000000E+00 0.00000000E+00 0.00000000E+00-1.01123521E-02
 2 57 0.00000000E+00 0.00000000E+00 0.00000000E+00 0.00000000E+00 3.23467150E-04
 2 58 0.00000000E+00 0.00000000E+00 0.00000000E+00 0.00000000E+00 3.23467149E-04
 2 59 0.00000000E+00 0.00000000E+00 0.00000000E+00 0.00000000E+00-3.23467150E-04
 2 60 0.00000000E+00 0.00000000E+00 0.00000000E+00 0.00000000E+00-3.23467150E-04
 3  1 0.00000000E+00 0.00000000E+00 0.00000000E+00 0.00000000E+00 0.00000000E+00
 3  2-4.20440969E-02 0.00000000E+00 0.00000000E+00-1.19925986E-02 0.00000000E+00
 3  3 0.00000000E+00 0.00000000E+00 0.00000000E+00-1.19378866E-02-1.46509098E-02
 3  4 0.00000000E+00 0.00000000E+00 0.00000000E+00 0.00000000E+00 0.00000000E+00
 3  5 4.20440969E-02 0.00000000E+00 0.00000000E+00 1.19925986E-02 0.00000000E+00
 3  6 0.00000000E+00 0.00000000E+00 0.00000000E+00-1.19378866E-02 1.46509098E-02
 3  7 0.00000000E+00 0.00000000E+00 0.00000000E+00 0.00000000E+00 0.00000000E+00
 3  8-4.20440969E-02 0.00000000E+00 0.00000000E+00-1.19925986E-02 0.00000000E+00
 3  9 0.00000000E+00 0.00000000E+00 0.00000000E+00-1.19378866E-02 1.46509098E-02
 3 10 0.00000000E+00 0.00000000E+00 0.00000000E+00 0.00000000E+00 0.00000000E+00
 3 11 4.20440969E-02 0.00000000E+00 0.00000000E+00 1.19925986E-02 0.00000000E+00
 3 12 0.00000000E+00 0.00000000E+00 0.00000000E+00-1.19378866E-02-1.46509098E-02
 3 13 0.00000000E+00 0.00000000E+00 0.00000000E+00 0.00000000E+00 0.00000000E+00
 3 14 1.38725013E-01 0.00000000E+00 0.00000000E+00 1.15061550E-01 0.00000000E+00
 3 15 0.00000000E+00 0.00000000E+00 0.00000000E+00-1.37469807E-04 3.89478484E-03
 3 16 0.00000000E+00 0.00000000E+00 0.00000000E+00 0.00000000E+00 0.00000000E+00
 3 17-1.38725013E-01 0.00000000E+00 0.00000000E+00-1.15061550E-01 0.00000000E+00
 3 18 0.00000000E+00 0.00000000E+00 0.00000000E+00-1.37469807E-04-3.89478484E-03
 3 19 0.00000000E+00 0.00000000E+00 0.00000000E+00 0.00000000E+00 0.00000000E+00
 3 20 1.38725013E-01 0.00000000E+00 0.00000000E+00 1.15061550E-01 0.00000000E+00
 3 21 0.00000000E+00 0.00000000E+00 0.00000000E+00-1.37469807E-04-3.89478484E-03
 3 22 0.00000000E+00 0.00000000E+00 0.00000000E+00 0.00000000E+00 0.00000000E+00
 3 23-1.38725013E-01 0.00000000E+00 0.00000000E+00-1.15061550E-01 0.00000000E+00
 3 24 0.00000000E+00 0.00000000E+00 0.00000000E+00-1.37469807E-04 3.89478484E-03
 3 25 0.00000000E+00 0.00000000E+00 0.00000000E+00 0.00000000E+00 0.00000000E+00
 3 26 0.00000000E+00 0.00000000E+00 0.00000000E+00 0.00000000E+00 0.00000000E+00
 3 27 0.00000000E+00 0.00000000E+00 0.00000000E+00 2.43084471E-02 0.00000000E+00
 3 28 0.00000000E+00 0.00000000E+00 0.00000000E+00 0.00000000E+00 0.00000000E+00
 3 29 0.00000000E+00 0.00000000E+00 0.00000000E+00 0.00000000E+00 0.00000000E+00
 3 30 0.00000000E+00 0.00000000E+00 0.00000000E+00 2.43084471E-02 0.00000000E+00
 3 31 0.00000000E+00 0.00000000E+00 0.00000000E+00 0.00000000E+00 0.00000000E+00
 3 32-2.69020535E-01 0.00000000E+00 0.00000000E+00-1.86931043E-01 0.00000000E+00
 3 33 0.00000000E+00 0.00000000E+00 0.00000000E+00 5.99664635E-03-1.44195081E-02
 3 34 0.00000000E+00 0.00000000E+00 0.00000000E+00 0.00000000E+00 0.00000000E+00
 3 35 2.69020535E-01 0.00000000E+00 0.00000000E+00 1.86931043E-01 0.00000000E+00
 3 36 0.00000000E+00 0.00000000E+00 0.00000000E+00 5.99664635E-03 1.44195081E-02
 3 37 0.00000000E+00 0.00000000E+00 0.00000000E+00 0.00000000E+00 0.00000000E+00
 3 38-2.69020535E-01 0.00000000E+00 0.00000000E+00-1.86931043E-01 0.00000000E+00
 3 39 0.00000000E+00 0.00000000E+00 0.00000000E+00 5.99664635E-03 1.44195081E-02
 3 40 0.00000000E+00 0.00000000E+00 0.00000000E+00 0.00000000E+00 0.00000000E+00
 3 41 2.69020535E-01 0.00000000E+00 0.00000000E+00 1.86931043E-01 0.00000000E+00
 3 42 0.00000000E+00 0.00000000E+00 0.00000000E+00 5.99664635E-03-1.44195081E-02
 3 43 0.00000000E+00 0.00000000E+00 0.00000000E+00 0.00000000E+00 0.00000000E+00
 3 44 3.76457155E-02 0.00000000E+00 0.00000000E+00 3.41549365E-02 0.00000000E+00
 3 45 0.00000000E+00 0.00000000E+00 0.00000000E+00-3.39824492E-03 2.51400712E-03
 3 46 0.00000000E+00 0.00000000E+00 0.00000000E+00 0.00000000E+00 0.00000000E+00
 3 47-3.76457155E-02 0.00000000E+00 0.00000000E+00-3.41549365E-02 0.00000000E+00
 3 48 0.00000000E+00 0.00000000E+00 0.00000000E+00-3.39824492E-03-2.51400712E-03
 3 49 0.00000000E+00 0.00000000E+00 0.00000000E+00 0.00000000E+00 0.00000000E+00
 3 50 3.76457155E-02 0.00000000E+00 0.00000000E+00 3.41549365E-02 0.00000000E+00
 3 51 0.00000000E+00 0.00000000E+00 0.00000000E+00-3.39824492E-03-2.51400712E-03
 3 52 0.00000000E+00 0.00000000E+00 0.00000000E+00 0.00000000E+00 0.00000000E+00
 3 53-3.76457155E-02 0.00000000E+00 0.00000000E+00-3.41549365E-02 0.00000000E+00
 3 54 0.00000000E+00 0.00000000E+00 0.00000000E+00-3.39824492E-03 2.51400712E-03
 3 55 0.00000000E+00 0.00000000E+00 0.00000000E+00 0.00000000E+00 0.00000000E+00
 3 56 0.00000000E+00 0.00000000E+00 0.00000000E+00 0.00000000E+00 0.00000000E+00
 3 57 0.00000000E+00 0.00000000E+00 0.00000000E+00 0.00000000E+00 1.50637002E-03
 3 58 0.00000000E+00 0.00000000E+00 0.00000000E+00 0.00000000E+00-1.50637002E-03
 3 59 0.00000000E+00 0.00000000E+00 0.00000000E+00 0.00000000E+00 1.50637002E-03
 3 60 0.00000000E+00 0.00000000E+00 0.00000000E+00 0.00000000E+00-1.50637002E-03
 4  1 0.00000000E+00 0.00000000E+00 0.00000000E+00 0.00000000E+00 0.00000000E+00
 4  2-1.51163270E-01 0.00000000E+00 0.00000000E+00-1.17153553E-01 0.00000000E+00
 4  3 0.00000000E+00 0.00000000E+00 0.00000000E+00-2.82140957E-03-2.21815480E-02
 4  4 0.00000000E+00 0.00000000E+00 0.00000000E+00 0.00000000E+00 0.00000000E+00
 4  5 1.51163270E-01 0.00000000E+00 0.00000000E+00 1.17153553E-01 0.00000000E+00
 4  6 0.00000000E+00 0.00000000E+00 0.00000000E+00-2.82140957E-03 2.21815480E-02
 4  7 0.00000000E+00 0.00000000E+00 0.00000000E+00 0.00000000E+00 0.00000000E+00
 4  8 1.51163270E-01 0.00000000E+00 0.00000000E+00 1.17153553E-01 0.00000000E+00
 4  9 0.00000000E+00 0.00000000E+00 0.00000000E+00 2.82140957E-03-2.21815480E-02
 4 10 0.00000000E+00 0.00000000E+00 0.00000000E+00 0.00000000E+00 0.00000000E+00
 4 11-1.51163270E-01 0.00000000E+00 0.00000000E+00-1.17153553E-01 0.00000000E+00
 4 12 0.00000000E+00 0.00000000E+00 0.00000000E+00 2.82140957E-03 2.21815480E-02
 4 13 0.00000000E+00 0.00000000E+00 0.00000000E+00 0.00000000E+00 0.00000000E+00
 4 14 2.70164895E-01 0.00000000E+00 0.00000000E+00 2.31010011E-01 0.00000000E+00
 4 15 0.00000000E+00 0.00000000E+00 0.00000000E+00 2.55704730E-04 4.50716285E-03
 4 16 0.00000000E+00 0.00000000E+00 0.00000000E+00 0.00000000E+00 0.00000000E+00
 4 17-2.70164895E-01 0.00000000E+00 0.00000000E+00-2.31010011E-01 0.00000000E+00
 4 18 0.00000000E+00 0.00000000E+00 0.00000000E+00 2.55704730E-04-4.50716286E-03
 4 19 0.00000000E+00 0.00000000E+00 0.00000000E+00 0.00000000E+00 0.00000000E+00
 4 20-2.70164895E-01 0.00000000E+00 0.00000000E+00-2.31010011E-01 0.00000000E+00
 4 21 0.00000000E+00 0.00000000E+00 0.00000000E+00-2.55704730E-04 4.50716286E-03
 4 22 0.00000000E+00 0.00000000E+00 0.00000000E+00 0.00000000E+00 0.00000000E+00
 4 23 2.70164895E-01 0.00000000E+00 0.00000000E+00 2.31010011E-01 0.00000000E+00
 4 24 0.00000000E+00 0.00000000E+00 0.00000000E+00-2.55704730E-04-4.50716286E-03
 4 25 0.00000000E+00 0.00000000E+00 0.00000000E+00 0.00000000E+00 0.00000000E+00
 4 26 0.00000000E+00 0.00000000E+00 0.00000000E+00 0.00000000E+00 0.00000000E+00
 4 27 0.00000000E+00 0.00000000E+00 0.00000000E+00 1.01937665E-02 0.00000000E+00
 4 28 0.00000000E+00 0.00000000E+00 0.00000000E+00 0.00000000E+00 0.00000000E+00
 4 29 0.00000000E+00 0.00000000E+00 0.00000000E+00 0.00000000E+00 0.00000000E+00
 4 30 0.00000000E+00 0.00000000E+00 0.00000000E+00-1.01937665E-02 0.00000000E+00
 4 31 0.00000000E+00 0.00000000E+00 0.00000000E+00 0.00000000E+00 0.00000000E+00
 4 32-1.17327208E-01 0.00000000E+00 0.00000000E+00-8.79924961E-02 0.00000000E+00
 4 33 0.00000000E+00 0.00000000E+00 0.00000000E+00 1.03226342E-02 9.62804787E-03
 4 34 0.00000000E+00 0.00000000E+00 0.00000000E+00 0.00000000E+00 0.00000000E+00
 4 35 1.17327208E-01 0.00000000E+00 0.00000000E+00 8.79924961E-02 0.00000000E+00
 4 36 0.00000000E+00 0.00000000E+00 0.00000000E+00 1.03226342E-02-9.62804787E-03
 4 37 0.00000000E+00 0.00000000E+00 0.00000000E+00 0.00000000E+00 0.00000000E+00
 4 38 1.17327208E-01 0.00000000E+00 0.00000000E+00 8.79924961E-02 0.00000000E+00
 4 39 0.00000000E+00 0.00000000E+00 0.00000000E+00-1.03226342E-02 9.62804787E-03
 4 40 0.00000000E+00 0.00000000E+00 0.00000000E+00 0.00000000E+00 0.00000000E+00
 4 41-1.17327208E-01 0.00000000E+00 0.00000000E+00-8.79924961E-02 0.00000000E+00
 4 42 0.00000000E+00 0.00000000E+00 0.00000000E+00-1.03226342E-02-9.62804787E-03
 4 43 0.00000000E+00 0.00000000E+00 0.00000000E+00 0.00000000E+00 0.00000000E+00
 4 44-6.50196391E-02 0.00000000E+00 0.00000000E+00-4.09428904E-02 0.00000000E+00
 4 45 0.00000000E+00 0.00000000E+00 0.00000000E+00-1.05517210E-02 7.32828032E-03
 4 46 0.00000000E+00 0.00000000E+00 0.00000000E+00 0.00000000E+00 0.00000000E+00
 4 47 6.50196391E-02 0.00000000E+00 0.00000000E+00 4.09428904E-02 0.00000000E+00
 4 48 0.00000000E+00 0.00000000E+00 0.00000000E+00-1.05517210E-02-7.32828032E-03
 4 49 0.00000000E+00 0.00000000E+00 0.00000000E+00 0.00000000E+00 0.00000000E+00
 4 50 6.50196391E-02 0.00000000E+00 0.00000000E+00 4.09428904E-02 0.00000000E+00
 4 51 0.00000000E+00 0.00000000E+00 0.00000000E+00 1.05517210E-02 7.32828032E-03
 4 52 0.00000000E+00 0.00000000E+00 0.00000000E+00 0.00000000E+00 0.00000000E+00
 4 53-6.50196391E-02 0.00000000E+00 0.00000000E+00-4.09428904E-02 0.00000000E+00
 4 54 0.00000000E+00 0.00000000E+00 0.00000000E+00 1.05517210E-02-7.32828032E-03
 4 55 0.00000000E+00 0.00000000E+00 0.00000000E+00 0.00000000E+00 0.00000000E+00
 4 56 0.00000000E+00 0.00000000E+00 0.00000000E+00 0.00000000E+00 0.00000000E+00
 4 57 0.00000000E+00 0.00000000E+00 0.00000000E+00 0.00000000E+00-2.47589488E-03
 4 58 0.00000000E+00 0.00000000E+00 0.00000000E+00 0.00000000E+00 2.47589487E-03
 4 59 0.00000000E+00 0.00000000E+00 0.00000000E+00 0.00000000E+00 2.47589488E-03
 4 60 0.00000000E+00 0.00000000E+00 0.00000000E+00 0.00000000E+00-2.47589487E-03
 5  1 0.00000000E+00 0.00000000E+00 0.00000000E+00 0.00000000E+00 0.00000000E+00
 5  2-1.74563108E-01 0.00000000E+00 0.00000000E+00-1.45855031E-01 0.00000000E+00
 5  3 0.00000000E+00 0.00000000E+00 0.00000000E+00 3.30090446E-03-1.85605581E-02
 5  4 0.00000000E+00 0.00000000E+00 0.00000000E+00 0.00000000E+00 0.00000000E+00
 5  5-1.74563108E-01 0.00000000E+00 0.00000000E+00-1.45855031E-01 0.00000000E+00
 5  6 0.00000000E+00 0.00000000E+00 0.00000000E+00-3.30090446E-03-1.85605581E-02
 5  7 0.00000000E+00 0.00000000E+00 0.00000000E+00 0.00000000E+00 0.00000000E+00
 5  8 1.74563108E-01 0.00000000E+00 0.00000000E+00 1.45855031E-01 0.00000000E+00
 5  9 0.00000000E+00 0.00000000E+00 0.00000000E+00-3.30090446E-03-1.85605581E-02
 5 10 0.00000000E+00 0.00000000E+00 0.00000000E+00 0.00000000E+00 0.00000000E+00
 5 11 1.74563108E-01 0.00000000E+00 0.00000000E+00 1.45855031E-01 0.00000000E+00
 5 12 0.00000000E+00 0.00000000E+00 0.00000000E+00 3.30090446E-03-1.85605581E-02
 5 13 0.00000000E+00 0.00000000E+00 0.00000000E+00 0.00000000E+00 0.00000000E+00
 5 14 2.50742673E-01 0.00000000E+00 0.00000000E+00 2.14437501E-01 0.00000000E+00
 5 15 0.00000000E+00 0.00000000E+00 0.00000000E+00 7.14157519E-04 2.69629168E-03
 5 16 0.00000000E+00 0.00000000E+00 0.00000000E+00 0.00000000E+00 0.00000000E+00
 5 17 2.50742673E-01 0.00000000E+00 0.00000000E+00 2.14437501E-01 0.00000000E+00
 5 18 0.00000000E+00 0.00000000E+00 0.00000000E+00-7.14157519E-04 2.69629168E-03
 5 19 0.00000000E+00 0.00000000E+00 0.00000000E+00 0.00000000E+00 0.00000000E+00
 5 20-2.50742673E-01 0.00000000E+00 0.00000000E+00-2.14437501E-01 0.00000000E+00
 5 21 0.00000000E+00 0.00000000E+00 0.00000000E+00-7.14157519E-04 2.69629168E-03
 5 22 0.00000000E+00 0.00000000E+00 0.00000000E+00 0.00000000E+00 0.00000000E+00
 5 23-2.50742673E-01 0.00000000E+00 0.00000000E+00-2.14437501E-01 0.00000000E+00
 5 24 0.00000000E+00 0.00000000E+00 0.00000000E+00 7.14157519E-04 2.69629168E-03
 5 25 0.00000000E+00 0.00000000E+00 0.00000000E+00 0.00000000E+00 0.00000000E+00
 5 26 1.62230316E-01 0.00000000E+00 0.00000000E+00 1.54474870E-01 0.00000000E+00
 5 27 0.00000000E+00 0.00000000E+00 0.00000000E+00 0.00000000E+00 2.58322079E-03
 5 28 0.00000000E+00 0.00000000E+00 0.00000000E+00 0.00000000E+00 0.00000000E+00
 5 29-1.62230316E-01 0.00000000E+00 0.00000000E+00-1.54474870E-01 0.00000000E+00
 5 30 0.00000000E+00 0.00000000E+00 0.00000000E+00 0.00000000E+00 2.58322079E-03
 5 31 0.00000000E+00 0.00000000E+00 0.00000000E+00 0.00000000E+00 0.00000000E+00
 5 32 8.77170448E-03 0.00000000E+00 0.00000000E+00 4.26988322E-04 0.00000000E+00
 5 33 0.00000000E+00 0.00000000E+00 0.00000000E+00 1.94620622E-02-1.69490197E-03
 5 34 0.00000000E+00 0.00000000E+00 0.00000000E+00 0.00000000E+00 0.00000000E+00
 5 35 8.77170448E-03 0.00000000E+00 0.00000000E+00 4.26988322E-04 0.00000000E+00
 5 36 0.00000000E+00 0.00000000E+00 0.00000000E+00-1.94620622E-02-1.69490197E-03
 5 37 0.00000000E+00 0.00000000E+00 0.00000000E+00 0.00000000E+00 0.00000000E+00
 5 38-8.77170448E-03 0.00000000E+00 0.00000000E+00-4.26988322E-04 0.00000000E+00
 5 39 0.00000000E+00 0.00000000E+00 0.00000000E+00-1.94620622E-02-1.69490197E-03
 5 40 0.00000000E+00 0.00000000E+00 0.00000000E+00 0.00000000E+00 0.00000000E+00
 5 41-8.77170448E-03 0.00000000E+00 0.00000000E+00-4.26988322E-04 0.00000000E+00
 5 42 0.00000000E+00 0.00000000E+00 0.00000000E+00 1.94620622E-02-1.69490197E-03
 5 43 0.00000000E+00 0.00000000E+00 0.00000000E+00 0.00000000E+00 0.00000000E+00
 5 44-8.27626833E-02 0.00000000E+00 0.00000000E+00-6.34861228E-02 0.00000000E+00
 5 45 0.00000000E+00 0.00000000E+00 0.00000000E+00-1.24418742E-02 9.90633125E-03
 5 46 0.00000000E+00 0.00000000E+00 0.00000000E+00 0.00000000E+00 0.00000000E+00
 5 47-8.27626833E-02 0.00000000E+00 0.00000000E+00-6.34861228E-02 0.00000000E+00
 5 48 0.00000000E+00 0.00000000E+00 0.00000000E+00 1.24418742E-02 9.90633125E-03
 5 49 0.00000000E+00 0.00000000E+00 0.00000000E+00 0.00000000E+00 0.00000000E+00
 5 50 8.27626833E-02 0.00000000E+00 0.00000000E+00 6.34861228E-02 0.00000000E+00
 5 51 0.00000000E+00 0.00000000E+00 0.00000000E+00 1.24418742E-02 9.90633125E-03
 5 52 0.00000000E+00 0.00000000E+00 0.00000000E+00 0.00000000E+00 0.00000000E+00
 5 53 8.27626833E-02 0.00000000E+00 0.00000000E+00 6.34861228E-02 0.00000000E+00
 5 54 0.00000000E+00 0.00000000E+00 0.00000000E+00-1.24418742E-02 9.90633125E-03
 5 55 0.00000000E+00 0.00000000E+00 0.00000000E+00 0.00000000E+00 5.53700177E-03
 5 56 0.00000000E+00 0.00000000E+00 0.00000000E+00 0.00000000E+00-5.53700177E-03
 5 57 0.00000000E+00 0.00000000E+00 0.00000000E+00 0.00000000E+00-2.93014236E-03
 5 58 0.00000000E+00 0.00000000E+00 0.00000000E+00 0.00000000E+00-2.93014236E-03
 5 59 0.00000000E+00 0.00000000E+00 0.00000000E+00 0.00000000E+00 2.93014236E-03
 5 60 0.00000000E+00 0.00000000E+00 0.00000000E+00 0.00000000E+00 2.93014236E-03
 6  1 0.00000000E+00 0.00000000E+00 0.00000000E+00 0.00000000E+00 0.00000000E+00
 6  2-2.03669768E-01 0.00000000E+00 0.00000000E+00-1.93892634E-01 0.00000000E+00
 6  3 0.00000000E+00 0.00000000E+00 0.00000000E+00-4.61016934E-03-1.22220464E-02
 6  4 0.00000000E+00 0.00000000E+00 0.00000000E+00 0.00000000E+00 0.00000000E+00
 6  5-2.03669768E-01 0.00000000E+00 0.00000000E+00-1.93892634E-01 0.00000000E+00
 6  6 0.00000000E+00 0.00000000E+00 0.00000000E+00 4.61016934E-03-1.22220464E-02
 6  7 0.00000000E+00 0.00000000E+00 0.00000000E+00 0.00000000E+00 0.00000000E+00
 6  8-2.03669768E-01 0.00000000E+00 0.00000000E+00-1.93892634E-01 0.00000000E+00
 6  9 0.00000000E+00 0.00000000E+00 0.00000000E+00-4.61016934E-03 1.22220464E-02
 6 10 0.00000000E+00 0.00000000E+00 0.00000000E+00 0.00000000E+00 0.00000000E+00
 6 11-2.03669768E-01 0.00000000E+00 0.00000000E+00-1.93892634E-01 0.00000000E+00
 6 12 0.00000000E+00 0.00000000E+00 0.00000000E+00 4.61016934E-03 1.22220464E-02
 6 13 0.00000000E+00 0.00000000E+00 0.00000000E+00 0.00000000E+00 0.00000000E+00
 6 14 2.31479055E-01 0.00000000E+00 0.00000000E+00 1.86120698E-01 0.00000000E+00
 6 15 0.00000000E+00 0.00000000E+00 0.00000000E+00 2.14487702E-04 8.68870138E-05
 6 16 0.00000000E+00 0.00000000E+00 0.00000000E+00 0.00000000E+00 0.00000000E+00
 6 17 2.31479055E-01 0.00000000E+00 0.00000000E+00 1.86120698E-01 0.00000000E+00
 6 18 0.00000000E+00 0.00000000E+00 0.00000000E+00-2.14487702E-04 8.68870124E-05
 6 19 0.00000000E+00 0.00000000E+00 0.00000000E+00 0.00000000E+00 0.00000000E+00
 6 20 2.31479055E-01 0.00000000E+00 0.00000000E+00 1.86120698E-01 0.00000000E+00
 6 21 0.00000000E+00 0.00000000E+00 0.00000000E+00 2.14487702E-04-8.68870136E-05
 6 22 0.00000000E+00 0.00000000E+00 0.00000000E+00 0.00000000E+00 0.00000000E+00
 6 23 2.31479055E-01 0.00000000E+00 0.00000000E+00 1.86120698E-01 0.00000000E+00
 6 24 0.00000000E+00 0.00000000E+00 0.00000000E+00-2.14487702E-04-8.68870124E-05
 6 25 0.00000000E+00 0.00000000E+00 0.00000000E+00 0.00000000E+00 0.00000000E+00
 6 26 2.02827580E-01 0.00000000E+00 0.00000000E+00 1.79558891E-01 0.00000000E+00
 6 27 0.00000000E+00 0.00000000E+00 0.00000000E+00 0.00000000E+00 4.85348723E-03
 6 28 0.00000000E+00 0.00000000E+00 0.00000000E+00 0.00000000E+00 0.00000000E+00
 6 29 2.02827580E-01 0.00000000E+00 0.00000000E+00 1.79558891E-01 0.00000000E+00
 6 30 0.00000000E+00 0.00000000E+00 0.00000000E+00 0.00000000E+00-4.85348723E-03
 6 31 0.00000000E+00 0.00000000E+00 0.00000000E+00 0.00000000E+00 0.00000000E+00
 6 32-2.82655861E-02 0.00000000E+00 0.00000000E+00-2.26402824E-02 0.00000000E+00
 6 33 0.00000000E+00 0.00000000E+00 0.00000000E+00 2.35844892E-02-6.37349056E-04
 6 34 0.00000000E+00 0.00000000E+00 0.00000000E+00 0.00000000E+00 0.00000000E+00
 6 35-2.82655861E-02 0.00000000E+00 0.00000000E+00-2.26402824E-02 0.00000000E+00
 6 36 0.00000000E+00 0.00000000E+00 0.00000000E+00-2.35844892E-02-6.37349056E-04
 6 37 0.00000000E+00 0.00000000E+00 0.00000000E+00 0.00000000E+00 0.00000000E+00
 6 38-2.82655861E-02 0.00000000E+00 0.00000000E+00-2.26402824E-02 0.00000000E+00
 6 39 0.00000000E+00 0.00000000E+00 0.00000000E+00 2.35844892E-02 6.37349056E-04
 6 40 0.00000000E+00 0.00000000E+00 0.00000000E+00 0.00000000E+00 0.00000000E+00
 6 41-2.82655861E-02 0.00000000E+00 0.00000000E+00-2.26402824E-02 0.00000000E+00
 6 42 0.00000000E+00 0.00000000E+00 0.00000000E+00-2.35844892E-02 6.37349056E-04
 6 43 0.00000000E+00 0.00000000E+00 0.00000000E+00 0.00000000E+00 0.00000000E+00
 6 44 8.35218788E-02 0.00000000E+00 0.00000000E+00 9.46905206E-02 0.00000000E+00
 6 45 0.00000000E+00 0.00000000E+00 0.00000000E+00-1.11641361E-02 1.39097187E-02
 6 46 0.00000000E+00 0.00000000E+00 0.00000000E+00 0.00000000E+00 0.00000000E+00
 6 47 8.35218788E-02 0.00000000E+00 0.00000000E+00 9.46905206E-02 0.00000000E+00
 6 48 0.00000000E+00 0.00000000E+00 0.00000000E+00 1.11641361E-02 1.39097187E-02
 6 49 0.00000000E+00 0.00000000E+00 0.00000000E+00 0.00000000E+00 0.00000000E+00
 6 50 8.35218788E-02 0.00000000E+00 0.00000000E+00 9.46905206E-02 0.00000000E+00
 6 51 0.00000000E+00 0.00000000E+00 0.00000000E+00-1.11641361E-02-1.39097187E-02
 6 52 0.00000000E+00 0.00000000E+00 0.00000000E+00 0.00000000E+00 0.00000000E+00
 6 53 8.35218788E-02 0.00000000E+00 0.00000000E+00 9.46905206E-02 0.00000000E+00
 6 54 0.00000000E+00 0.00000000E+00 0.00000000E+00 1.11641361E-02-1.39097187E-02
 6 55 0.00000000E+00 0.00000000E+00 0.00000000E+00 0.00000000E+00 5.72156943E-03
 6 56 0.00000000E+00 0.00000000E+00 0.00000000E+00 0.00000000E+00 5.72156943E-03
 6 57 0.00000000E+00 0.00000000E+00 0.00000000E+00 0.00000000E+00 3.77219629E-03
 6 58 0.00000000E+00 0.00000000E+00 0.00000000E+00 0.00000000E+00 3.77219629E-03
 6 59 0.00000000E+00 0.00000000E+00 0.00000000E+00 0.00000000E+00 3.77219629E-03
 6 60 0.00000000E+00 0.00000000E+00 0.00000000E+00 0.00000000E+00 3.77219629E-03
 7  1 0.00000000E+00 0.00000000E+00 0.00000000E+00 0.00000000E+00 0.00000000E+00
 7  2 1.29437067E-01 0.00000000E+00 0.00000000E+00 1.57446913E-01 0.00000000E+00
 7  3 0.00000000E+00 0.00000000E+00 0.00000000E+00-1.13745745E-02-5.02031830E-03
 7  4 0.00000000E+00 0.00000000E+00 0.00000000E+00 0.00000000E+00 0.00000000E+00
 7  5-1.29437067E-01 0.00000000E+00 0.00000000E+00-1.57446913E-01 0.00000000E+00
 7  6 0.00000000E+00 0.00000000E+00 0.00000000E+00-1.13745745E-02 5.02031830E-03
 7  7 0.00000000E+00 0.00000000E+00 0.00000000E+00 0.00000000E+00 0.00000000E+00
 7  8-1.29437067E-01 0.00000000E+00 0.00000000E+00-1.57446913E-01 0.00000000E+00
 7  9 0.00000000E+00 0.00000000E+00 0.00000000E+00 1.13745745E-02-5.02031830E-03
 7 10 0.00000000E+00 0.00000000E+00 0.00000000E+00 0.00000000E+00 0.00000000E+00
 7 11 1.29437067E-01 0.00000000E+00 0.00000000E+00 1.57446913E-01 0.00000000E+00
 7 12 0.00000000E+00 0.00000000E+00 0.00000000E+00 1.13745745E-02 5.02031830E-03
 7 13 0.00000000E+00 0.00000000E+00 0.00000000E+00 0.00000000E+00 0.00000000E+00
 7 14-9.36126940E-02 0.00000000E+00 0.00000000E+00-4.31666874E-02 0.00000000E+00
 7 15 0.00000000E+00 0.00000000E+00 0.00000000E+00 2.35502524E-04 4.66442773E-03
 7 16 0.00000000E+00 0.00000000E+00 0.00000000E+00 0.00000000E+00 0.00000000E+00
 7 17 9.36126940E-02 0.00000000E+00 0.00000000E+00 4.31666874E-02 0.00000000E+00
 7 18 0.00000000E+00 0.00000000E+00 0.00000000E+00 2.35502524E-04-4.66442773E-03
 7 19 0.00000000E+00 0.00000000E+00 0.00000000E+00 0.00000000E+00 0.00000000E+00
 7 20 9.36126940E-02 0.00000000E+00 0.00000000E+00 4.31666874E-02 0.00000000E+00
 7 21 0.00000000E+00 0.00000000E+00 0.00000000E+00-2.35502524E-04 4.66442773E-03
 7 22 0.00000000E+00 0.00000000E+00 0.00000000E+00 0.00000000E+00 0.00000000E+00
 7 23-9.36126940E-02 0.00000000E+00 0.00000000E+00-4.31666874E-02 0.00000000E+00
 7 24 0.00000000E+00 0.00000000E+00 0.00000000E+00-2.35502524E-04-4.66442773E-03
 7 25 0.00000000E+00 0.00000000E+00 0.00000000E+00 0.00000000E+00 0.00000000E+00
 7 26 0.00000000E+00 0.00000000E+00 0.00000000E+00 0.00000000E+00 0.00000000E+00
 7 27 0.00000000E+00 0.00000000E+00 0.00000000E+00 3.08357353E-02 0.00000000E+00
 7 28 0.00000000E+00 0.00000000E+00 0.00000000E+00 0.00000000E+00 0.00000000E+00
 7 29 0.00000000E+00 0.00000000E+00 0.00000000E+00 0.00000000E+00 0.00000000E+00
 7 30 0.00000000E+00 0.00000000E+00 0.00000000E+00-3.08357353E-02 0.00000000E+00
 7 31 0.00000000E+00 0.00000000E+00 0.00000000E+00 0.00000000E+00 0.00000000E+00
 7 32-3.87795542E-01 0.00000000E+00 0.00000000E+00-2.98871884E-01 0.00000000E+00
 7 33 0.00000000E+00 0.00000000E+00 0.00000000E+00-1.04770673E-02 1.05270170E-02
 7 34 0.00000000E+00 0.00000000E+00 0.00000000E+00 0.00000000E+00 0.00000000E+00
 7 35 3.87795542E-01 0.00000000E+00 0.00000000E+00 2.98871884E-01 0.00000000E+00
 7 36 0.00000000E+00 0.00000000E+00 0.00000000E+00-1.04770673E-02-1.05270170E-02
 7 37 0.00000000E+00 0.00000000E+00 0.00000000E+00 0.00000000E+00 0.00000000E+00
 7 38 3.87795542E-01 0.00000000E+00 0.00000000E+00 2.98871884E-01 0.00000000E+00
 7 39 0.00000000E+00 0.00000000E+00 0.00000000E+00 1.04770673E-02 1.05270170E-02
 7 40 0.00000000E+00 0.00000000E+00 0.00000000E+00 0.00000000E+00 0.00000000E+00
 7 41-3.87795542E-01 0.00000000E+00 0.00000000E+00-2.98871884E-01 0.00000000E+00
 7 42 0.00000000E+00 0.00000000E+00 0.00000000E+00 1.04770673E-02-1.05270170E-02
 7 43 0.00000000E+00 0.00000000E+00 0.00000000E+00 0.00000000E+00 0.00000000E+00
 7 44 4.97116548E-02 0.00000000E+00 0.00000000E+00 3.39435055E-02 0.00000000E+00
 7 45 0.00000000E+00 0.00000000E+00 0.00000000E+00 5.99220588E-03-6.97716656E-03
 7 46 0.00000000E+00 0.00000000E+00 0.00000000E+00 0.00000000E+00 0.00000000E+00
 7 47-4.97116548E-02 0.00000000E+00 0.00000000E+00-3.39435055E-02 0.00000000E+00
 7 48 0.00000000E+00 0.00000000E+00 0.00000000E+00 5.99220588E-03 6.97716656E-03
 7 49 0.00000000E+00 0.00000000E+00 0.00000000E+00 0.00000000E+00 0.00000000E+00
 7 50-4.97116548E-02 0.00000000E+00 0.00000000E+00-3.39435055E-02 0.00000000E+00
 7 51 0.00000000E+00 0.00000000E+00 0.00000000E+00-5.99220588E-03-6.97716656E-03
 7 52 0.00000000E+00 0.00000000E+00 0.00000000E+00 0.00000000E+00 0.00000000E+00
 7 53 4.97116548E-02 0.00000000E+00 0.00000000E+00 3.39435055E-02 0.00000000E+00
 7 54 0.00000000E+00 0.00000000E+00 0.00000000E+00-5.99220588E-03 6.97716656E-03
 7 55 0.00000000E+00 0.00000000E+00 0.00000000E+00 0.00000000E+00 0.00000000E+00
 7 56 0.00000000E+00 0.00000000E+00 0.00000000E+00 0.00000000E+00 0.00000000E+00
 7 57 0.00000000E+00 0.00000000E+00 0.00000000E+00 0.00000000E+00 1.45752887E-03
 7 58 0.00000000E+00 0.00000000E+00 0.00000000E+00 0.00000000E+00-1.45752887E-03
 7 59 0.00000000E+00 0.00000000E+00 0.00000000E+00 0.00000000E+00-1.45752887E-03
 7 60 0.00000000E+00 0.00000000E+00 0.00000000E+00 0.00000000E+00 1.45752887E-03
 8  1 0.00000000E+00 0.00000000E+00 0.00000000E+00 0.00000000E+00 0.00000000E+00
 8  2-2.46879976E-01 0.00000000E+00 0.00000000E+00-2.53356888E-01 0.00000000E+00
 8  3 0.00000000E+00 0.00000000E+00 0.00000000E+00 1.43397234E-03-5.41478637E-03
 8  4 0.00000000E+00 0.00000000E+00 0.00000000E+00 0.00000000E+00 0.00000000E+00
 8  5 2.46879976E-01 0.00000000E+00 0.00000000E+00 2.53356888E-01 0.00000000E+00
 8  6 0.00000000E+00 0.00000000E+00 0.00000000E+00 1.43397234E-03 5.41478637E-03
 8  7 0.00000000E+00 0.00000000E+00 0.00000000E+00 0.00000000E+00 0.00000000E+00
 8  8-2.46879976E-01 0.00000000E+00 0.00000000E+00-2.53356888E-01 0.00000000E+00
 8  9 0.00000000E+00 0.00000000E+00 0.00000000E+00 1.43397234E-03 5.41478637E-03
 8 10 0.00000000E+00 0.00000000E+00 0.00000000E+00 0.00000000E+00 0.00000000E+00
 8 11 2.46879976E-01 0.00000000E+00 0.00000000E+00 2.53356888E-01 0.00000000E+00
 8 12 0.00000000E+00 0.00000000E+00 0.00000000E+00 1.43397234E-03-5.41478637E-03
 8 13 0.00000000E+00 0.00000000E+00 0.00000000E+00 0.00000000E+00 0.00000000E+00
 8 14 2.30185676E-01 0.00000000E+00 0.00000000E+00 1.69216144E-01 0.00000000E+00
 8 15 0.00000000E+00 0.00000000E+00 0.00000000E+00-2.62760300E-05-2.97338821E-03
 8 16 0.00000000E+00 0.00000000E+00 0.00000000E+00 0.00000000E+00 0.00000000E+00
 8 17-2.30185676E-01 0.00000000E+00 0.00000000E+00-1.69216144E-01 0.00000000E+00
 8 18 0.00000000E+00 0.00000000E+00 0.00000000E+00-2.62760300E-05 2.97338821E-03
 8 19 0.00000000E+00 0.00000000E+00 0.00000000E+00 0.00000000E+00 0.00000000E+00
 8 20 2.30185676E-01 0.00000000E+00 0.00000000E+00 1.69216144E-01 0.00000000E+00
 8 21 0.00000000E+00 0.00000000E+00 0.00000000E+00-2.62760300E-05 2.97338821E-03
 8 22 0.00000000E+00 0.00000000E+00 0.00000000E+00 0.00000000E+00 0.00000000E+00
 8 23-2.30185676E-01 0.00000000E+00 0.00000000E+00-1.69216144E-01 0.00000000E+00
 8 24 0.00000000E+00 0.00000000E+00 0.00000000E+00-2.62760300E-05-2.97338821E-03
 8 25 0.00000000E+00 0.00000000E+00 0.00000000E+00 0.00000000E+00 0.00000000E+00
 8 26 0.00000000E+00 0.00000000E+00 0.00000000E+00 0.00000000E+00 0.00000000E+00
 8 27 0.00000000E+00 0.00000000E+00 0.00000000E+00-1.44321419E-02 0.00000000E+00
 8 28 0.00000000E+00 0.00000000E+00 0.00000000E+00 0.00000000E+00 0.00000000E+00
 8 29 0.00000000E+00 0.00000000E+00 0.00000000E+00 0.00000000E+00 0.00000000E+00
 8 30 0.00000000E+00 0.00000000E+00 0.00000000E+00-1.44321419E-02 0.00000000E+00
 8 31 0.00000000E+00 0.00000000E+00 0.00000000E+00 0.00000000E+00 0.00000000E+00
 8 32 1.49381833E-01 0.00000000E+00 0.00000000E+00 1.30778984E-01 0.00000000E+00
 8 33 0.00000000E+00 0.00000000E+00 0.00000000E+00 1.24318702E-02 1.70899116E-02
 8 34 0.00000000E+00 0.00000000E+00 0.00000000E+00 0.00000000E+00 0.00000000E+00
 8 35-1.49381833E-01 0.00000000E+00 0.00000000E+00-1.30778984E-01 0.00000000E+00
 8 36 0.00000000E+00 0.00000000E+00 0.00000000E+00 1.24318702E-02-1.70899116E-02
 8 37 0.00000000E+00 0.00000000E+00 0.00000000E+00 0.00000000E+00 0.00000000E+00
 8 38 1.49381833E-01 0.00000000E+00 0.00000000E+00 1.30778984E-01 0.00000000E+00
 8 39 0.00000000E+00 0.00000000E+00 0.00000000E+00 1.24318702E-02-1.70899116E-02
 8 40 0.00000000E+00 0.00000000E+00 0.00000000E+00 0.00000000E+00 0.00000000E+00
 8 41-1.49381833E-01 0.00000000E+00 0.00000000E+00-1.30778984E-01 0.00000000E+00
 8 42 0.00000000E+00 0.00000000E+00 0.00000000E+00 1.24318702E-02 1.70899116E-02
 8 43 0.00000000E+00 0.00000000E+00 0.00000000E+00 0.00000000E+00 0.00000000E+00
 8 44 7.68724345E-02 0.00000000E+00 0.00000000E+00 9.61946496E-02 0.00000000E+00
 8 45 0.00000000E+00 0.00000000E+00 0.00000000E+00-1.14213965E-02 1.65423089E-02
 8 46 0.00000000E+00 0.00000000E+00 0.00000000E+00 0.00000000E+00 0.00000000E+00
 8 47-7.68724345E-02 0.00000000E+00 0.00000000E+00-9.61946496E-02 0.00000000E+00
 8 48 0.00000000E+00 0.00000000E+00 0.00000000E+00-1.14213965E-02-1.65423089E-02
 8 49 0.00000000E+00 0.00000000E+00 0.00000000E+00 0.00000000E+00 0.00000000E+00
 8 50 7.68724345E-02 0.00000000E+00 0.00000000E+00 9.61946496E-02 0.00000000E+00
 8 51 0.00000000E+00 0.00000000E+00 0.00000000E+00-1.14213965E-02-1.65423089E-02
 8 52 0.00000000E+00 0.00000000E+00 0.00000000E+00 0.00000000E+00 0.00000000E+00
 8 53-7.68724345E-02 0.00000000E+00 0.00000000E+00-9.61946496E-02 0.00000000E+00
 8 54 0.00000000E+00 0.00000000E+00 0.00000000E+00-1.14213965E-02 1.65423089E-02
 8 55 0.00000000E+00 0.00000000E+00 0.00000000E+00 0.00000000E+00 0.00000000E+00
 8 56 0.00000000E+00 0.00000000E+00 0.00000000E+00 0.00000000E+00 0.00000000E+00
 8 57 0.00000000E+00 0.00000000E+00 0.00000000E+00 0.00000000E+00 3.61129830E-03
 8 58 0.00000000E+00 0.00000000E+00 0.00000000E+00 0.00000000E+00-3.61129830E-03
 8 59 0.00000000E+00 0.00000000E+00 0.00000000E+00 0.00000000E+00 3.61129830E-03
 8 60 0.00000000E+00 0.00000000E+00 0.00000000E+00 0.00000000E+00-3.61129830E-03
 9  1 0.00000000E+00 0.00000000E+00 0.00000000E+00 0.00000000E+00 0.00000000E+00
 9  2 1.29434646E-01 0.00000000E+00 0.00000000E+00 1.52645061E-01 0.00000000E+00
 9  3 0.00000000E+00 0.00000000E+00 0.00000000E+00-4.01941973E-03-3.26901637E-03
 9  4 0.00000000E+00 0.00000000E+00 0.00000000E+00 0.00000000E+00 0.00000000E+00
 9  5 1.29434646E-01 0.00000000E+00 0.00000000E+00 1.52645061E-01 0.00000000E+00
 9  6 0.00000000E+00 0.00000000E+00 0.00000000E+00 4.01941973E-03-3.26901637E-03
 9  7 0.00000000E+00 0.00000000E+00 0.00000000E+00 0.00000000E+00 0.00000000E+00
 9  8 1.29434646E-01 0.00000000E+00 0.00000000E+00 1.52645061E-01 0.00000000E+00
 9  9 0.00000000E+00 0.00000000E+00 0.00000000E+00-4.01941973E-03 3.26901637E-03
 9 10 0.00000000E+00 0.00000000E+00 0.00000000E+00 0.00000000E+00 0.00000000E+00
 9 11 1.29434646E-01 0.00000000E+00 0.00000000E+00 1.52645061E-01 0.00000000E+00
 9 12 0.00000000E+00 0.00000000E+00 0.00000000E+00 4.01941973E-03 3.26901637E-03
 9 13 0.00000000E+00 0.00000000E+00 0.00000000E+00 0.00000000E+00 0.00000000E+00
 9 14-1.09616350E-01 0.00000000E+00 0.00000000E+00-6.44196625E-02 0.00000000E+00
 9 15 0.00000000E+00 0.00000000E+00 0.00000000E+00 6.60244737E-04 3.69695048E-03
 9 16 0.00000000E+00 0.00000000E+00 0.00000000E+00 0.00000000E+00 0.00000000E+00
 9 17-1.09616350E-01 0.00000000E+00 0.00000000E+00-6.44196625E-02 0.00000000E+00
 9 18 0.00000000E+00 0.00000000E+00 0.00000000E+00-6.60244737E-04 3.69695048E-03
 9 19 0.00000000E+00 0.00000000E+00 0.00000000E+00 0.00000000E+00 0.00000000E+00
 9 20-1.09616350E-01 0.00000000E+00 0.00000000E+00-6.44196625E-02 0.00000000E+00
 9 21 0.00000000E+00 0.00000000E+00 0.00000000E+00 6.60244737E-04-3.69695048E-03
 9 22 0.00000000E+00 0.00000000E+00 0.00000000E+00 0.00000000E+00 0.00000000E+00
 9 23-1.09616350E-01 0.00000000E+00 0.00000000E+00-6.44196625E-02 0.00000000E+00
 9 24 0.00000000E+00 0.00000000E+00 0.00000000E+00-6.60244737E-04-3.69695048E-03
 9 25 0.00000000E+00 0.00000000E+00 0.00000000E+00 0.00000000E+00 0.00000000E+00
 9 26 4.06123137E-01 0.00000000E+00 0.00000000E+00 3.05799231E-01 0.00000000E+00
 9 27 0.00000000E+00 0.00000000E+00 0.00000000E+00 0.00000000E+00 1.67362938E-03
 9 28 0.00000000E+00 0.00000000E+00 0.00000000E+00 0.00000000E+00 0.00000000E+00
 9 29 4.06123137E-01 0.00000000E+00 0.00000000E+00 3.05799231E-01 0.00000000E+00
 9 30 0.00000000E+00 0.00000000E+00 0.00000000E+00 0.00000000E+00-1.67362938E-03
 9 31 0.00000000E+00 0.00000000E+00 0.00000000E+00 0.00000000E+00 0.00000000E+00
 9 32-2.38881180E-01 0.00000000E+00 0.00000000E+00-1.83902821E-01 0.00000000E+00
 9 33 0.00000000E+00 0.00000000E+00 0.00000000E+00 7.41212483E-03-2.96676695E-02
 9 34 0.00000000E+00 0.00000000E+00 0.00000000E+00 0.00000000E+00 0.00000000E+00
 9 35-2.38881180E-01 0.00000000E+00 0.00000000E+00-1.83902821E-01 0.00000000E+00
 9 36 0.00000000E+00 0.00000000E+00 0.00000000E+00-7.41212483E-03-2.96676695E-02
 9 37 0.00000000E+00 0.00000000E+00 0.00000000E+00 0.00000000E+00 0.00000000E+00
 9 38-2.38881180E-01 0.00000000E+00 0.00000000E+00-1.83902821E-01 0.00000000E+00
 9 39 0.00000000E+00 0.00000000E+00 0.00000000E+00 7.41212483E-03 2.96676695E-02
 9 40 0.00000000E+00 0.00000000E+00 0.00000000E+00 0.00000000E+00 0.00000000E+00
 9 41-2.38881180E-01 0.00000000E+00 0.00000000E+00-1.83902821E-01 0.00000000E+00
 9 42 0.00000000E+00 0.00000000E+00 0.00000000E+00-7.41212483E-03 2.96676695E-02
 9 43 0.00000000E+00 0.00000000E+00 0.00000000E+00 0.00000000E+00 0.00000000E+00
 9 44-2.42880243E-02 0.00000000E+00 0.00000000E+00-3.70798423E-02 0.00000000E+00
 9 45 0.00000000E+00 0.00000000E+00 0.00000000E+00 4.87825859E-03-7.54944810E-03
 9 46 0.00000000E+00 0.00000000E+00 0.00000000E+00 0.00000000E+00 0.00000000E+00
 9 47-2.42880243E-02 0.00000000E+00 0.00000000E+00-3.70798423E-02 0.00000000E+00
 9 48 0.00000000E+00 0.00000000E+00 0.00000000E+00-4.87825859E-03-7.54944810E-03
 9 49 0.00000000E+00 0.00000000E+00 0.00000000E+00 0.00000000E+00 0.00000000E+00
 9 50-2.42880243E-02 0.00000000E+00 0.00000000E+00-3.70798423E-02 0.00000000E+00
 9 51 0.00000000E+00 0.00000000E+00 0.00000000E+00 4.87825859E-03 7.54944810E-03
 9 52 0.00000000E+00 0.00000000E+00 0.00000000E+00 0.00000000E+00 0.00000000E+00
 9 53-2.42880243E-02 0.00000000E+00 0.00000000E+00-3.70798423E-02 0.00000000E+00
 9 54 0.00000000E+00 0.00000000E+00 0.00000000E+00-4.87825859E-03 7.54944810E-03
 9 55 0.00000000E+00 0.00000000E+00 0.00000000E+00 0.00000000E+00 6.54258684E-03
 9 56 0.00000000E+00 0.00000000E+00 0.00000000E+00 0.00000000E+00 6.54258684E-03
 9 57 0.00000000E+00 0.00000000E+00 0.00000000E+00 0.00000000E+00-1.46201849E-03
 9 58 0.00000000E+00 0.00000000E+00 0.00000000E+00 0.00000000E+00-1.46201849E-03
 9 59 0.00000000E+00 0.00000000E+00 0.00000000E+00 0.00000000E+00-1.46201849E-03
 9 60 0.00000000E+00 0.00000000E+00 0.00000000E+00 0.00000000E+00-1.46201849E-03
10  1 0.00000000E+00 0.00000000E+00 0.00000000E+00 0.00000000E+00 0.00000000E+00
10  2 7.92536851E-02 0.00000000E+00 0.00000000E+00 1.24818345E-01 0.00000000E+00
10  3 0.00000000E+00 0.00000000E+00 0.00000000E+00-8.80982707E-03-8.42454616E-03
10  4 0.00000000E+00 0.00000000E+00 0.00000000E+00 0.00000000E+00 0.00000000E+00
10  5 7.92536851E-02 0.00000000E+00 0.00000000E+00 1.24818345E-01 0.00000000E+00
10  6 0.00000000E+00 0.00000000E+00 0.00000000E+00 8.80982707E-03-8.42454616E-03
10  7 0.00000000E+00 0.00000000E+00 0.00000000E+00 0.00000000E+00 0.00000000E+00
10  8-7.92536851E-02 0.00000000E+00 0.00000000E+00-1.24818345E-01 0.00000000E+00
10  9 0.00000000E+00 0.00000000E+00 0.00000000E+00 8.80982707E-03-8.42454616E-03
10 10 0.00000000E+00 0.00000000E+00 0.00000000E+00 0.00000000E+00 0.00000000E+00
10 11-7.92536851E-02 0.00000000E+00 0.00000000E+00-1.24818345E-01 0.00000000E+00
10 12 0.00000000E+00 0.00000000E+00 0.00000000E+00-8.80982707E-03-8.42454616E-03
10 13 0.00000000E+00 0.00000000E+00 0.00000000E+00 0.00000000E+00 0.00000000E+00
10 14-6.30723515E-02 0.00000000E+00 0.00000000E+00-1.79031852E-02 0.00000000E+00
10 15 0.00000000E+00 0.00000000E+00 0.00000000E+00 8.45506247E-04 4.90759167E-03
10 16 0.00000000E+00 0.00000000E+00 0.00000000E+00 0.00000000E+00 0.00000000E+00
10 17-6.30723515E-02 0.00000000E+00 0.00000000E+00-1.79031852E-02 0.00000000E+00
10 18 0.00000000E+00 0.00000000E+00 0.00000000E+00-8.45506247E-04 4.90759167E-03
10 19 0.00000000E+00 0.00000000E+00 0.00000000E+00 0.00000000E+00 0.00000000E+00
10 20 6.30723515E-02 0.00000000E+00 0.00000000E+00 1.79031852E-02 0.00000000E+00
10 21 0.00000000E+00 0.00000000E+00 0.00000000E+00-8.45506247E-04 4.90759167E-03
10 22 0.00000000E+00 0.00000000E+00 0.00000000E+00 0.00000000E+00 0.00000000E+00
10 23 6.30723515E-02 0.00000000E+00 0.00000000E+00 1.79031852E-02 0.00000000E+00
10 24 0.00000000E+00 0.00000000E+00 0.00000000E+00 8.45506247E-04 4.90759167E-03
10 25 0.00000000E+00 0.00000000E+00 0.00000000E+00 0.00000000E+00 0.00000000E+00
10 26 3.79415416E-01 0.00000000E+00 0.00000000E+00 3.02845552E-01 0.00000000E+00
10 27 0.00000000E+00 0.00000000E+00 0.00000000E+00 0.00000000E+00-1.37514553E-03
10 28 0.00000000E+00 0.00000000E+00 0.00000000E+00 0.00000000E+00 0.00000000E+00
10 29-3.79415416E-01 0.00000000E+00 0.00000000E+00-3.02845552E-01 0.00000000E+00
10 30 0.00000000E+00 0.00000000E+00 0.00000000E+00 0.00000000E+00-1.37514553E-03
10 31 0.00000000E+00 0.00000000E+00 0.00000000E+00 0.00000000E+00 0.00000000E+00
10 32-3.93484684E-01 0.00000000E+00 0.00000000E+00-3.18698855E-01 0.00000000E+00
10 33 0.00000000E+00 0.00000000E+00 0.00000000E+00 3.59348920E-03-9.38204226E-04
10 34 0.00000000E+00 0.00000000E+00 0.00000000E+00 0.00000000E+00 0.00000000E+00
10 35-3.93484684E-01 0.00000000E+00 0.00000000E+00-3.18698855E-01 0.00000000E+00
10 36 0.00000000E+00 0.00000000E+00 0.00000000E+00-3.59348920E-03-9.38204226E-04
10 37 0.00000000E+00 0.00000000E+00 0.00000000E+00 0.00000000E+00 0.00000000E+00
10 38 3.93484684E-01 0.00000000E+00 0.00000000E+00 3.18698855E-01 0.00000000E+00
10 39 0.00000000E+00 0.00000000E+00 0.00000000E+00-3.59348920E-03-9.38204225E-04
10 40 0.00000000E+00 0.00000000E+00 0.00000000E+00 0.00000000E+00 0.00000000E+00
10 41 3.93484684E-01 0.00000000E+00 0.00000000E+00 3.18698855E-01 0.00000000E+00
10 42 0.00000000E+00 0.00000000E+00 0.00000000E+00 3.59348920E-03-9.38204226E-04
10 43 0.00000000E+00 0.00000000E+00 0.00000000E+00 0.00000000E+00 0.00000000E+00
10 44 3.09957279E-02 0.00000000E+00 0.00000000E+00 2.12900983E-02 0.00000000E+00
10 45 0.00000000E+00 0.00000000E+00 0.00000000E+00 2.55223594E-03-4.20222549E-03
10 46 0.00000000E+00 0.00000000E+00 0.00000000E+00 0.00000000E+00 0.00000000E+00
10 47 3.09957279E-02 0.00000000E+00 0.00000000E+00 2.12900983E-02 0.00000000E+00
10 48 0.00000000E+00 0.00000000E+00 0.00000000E+00-2.55223594E-03-4.20222549E-03
10 49 0.00000000E+00 0.00000000E+00 0.00000000E+00 0.00000000E+00 0.00000000E+00
10 50-3.09957279E-02 0.00000000E+00 0.00000000E+00-2.12900983E-02 0.00000000E+00
10 51 0.00000000E+00 0.00000000E+00 0.00000000E+00-2.55223594E-03-4.20222549E-03
10 52 0.00000000E+00 0.00000000E+00 0.00000000E+00 0.00000000E+00 0.00000000E+00
10 53-3.09957279E-02 0.00000000E+00 0.00000000E+00-2.12900983E-02 0.00000000E+00
10 54 0.00000000E+00 0.00000000E+00 0.00000000E+00 2.55223594E-03-4.20222549E-03
10 55 0.00000000E+00 0.00000000E+00 0.00000000E+00 0.00000000E+00 2.39310728E-03
10 56 0.00000000E+00 0.00000000E+00 0.00000000E+00 0.00000000E+00-2.39310728E-03
10 57 0.00000000E+00 0.00000000E+00 0.00000000E+00 0.00000000E+00 8.54130936E-04
10 58 0.00000000E+00 0.00000000E+00 0.00000000E+00 0.00000000E+00 8.54130936E-04
10 59 0.00000000E+00 0.00000000E+00 0.00000000E+00 0.00000000E+00-8.54130936E-04
10 60 0.00000000E+00 0.00000000E+00 0.00000000E+00 0.00000000E+00-8.54130936E-04
 $END
