59  1 0.00000000E+00 0.00000000E+00 0.00000000E+00 0.00000000E+00 0.00000000E+00
59  2 4.73743933E-03 0.00000000E+00 0.00000000E+00-1.80987322E-02 0.00000000E+00
59  3 0.00000000E+00 0.00000000E+00 0.00000000E+00 8.80811242E-03 9.70400218E-03
59  4 0.00000000E+00 0.00000000E+00 0.00000000E+00 0.00000000E+00 0.00000000E+00
59  5 4.73743933E-03 0.00000000E+00 0.00000000E+00-1.80987322E-02 0.00000000E+00
59  6 0.00000000E+00 0.00000000E+00 0.00000000E+00-8.80811242E-03 9.70400218E-03
59  7 0.00000000E+00 0.00000000E+00 0.00000000E+00 0.00000000E+00 0.00000000E+00
59  8 4.73743933E-03 0.00000000E+00 0.00000000E+00-1.80987322E-02 0.00000000E+00
59  9 0.00000000E+00 0.00000000E+00 0.00000000E+00 8.80811242E-03-9.70400218E-03
59 10 0.00000000E+00 0.00000000E+00 0.00000000E+00 0.00000000E+00 0.00000000E+00
59 11 4.73743933E-03 0.00000000E+00 0.00000000E+00-1.80987322E-02 0.00000000E+00
59 12 0.00000000E+00 0.00000000E+00 0.00000000E+00-8.80811242E-03-9.70400218E-03
59 13 0.00000000E+00 0.00000000E+00 0.00000000E+00 0.00000000E+00 0.00000000E+00
59 14-8.21370443E-02 0.00000000E+00 0.00000000E+00-6.55549220E-02 0.00000000E+00
59 15 0.00000000E+00 0.00000000E+00 0.00000000E+00 1.60395629E-04-3.03399284E-03
59 16 0.00000000E+00 0.00000000E+00 0.00000000E+00 0.00000000E+00 0.00000000E+00
59 17-8.21370443E-02 0.00000000E+00 0.00000000E+00-6.55549220E-02 0.00000000E+00
59 18 0.00000000E+00 0.00000000E+00 0.00000000E+00-1.60395629E-04-3.03399284E-03
59 19 0.00000000E+00 0.00000000E+00 0.00000000E+00 0.00000000E+00 0.00000000E+00
59 20-8.21370443E-02 0.00000000E+00 0.00000000E+00-6.55549220E-02 0.00000000E+00
59 21 0.00000000E+00 0.00000000E+00 0.00000000E+00 1.60395629E-04 3.03399284E-03
59 22 0.00000000E+00 0.00000000E+00 0.00000000E+00 0.00000000E+00 0.00000000E+00
59 23-8.21370443E-02 0.00000000E+00 0.00000000E+00-6.55549220E-02 0.00000000E+00
59 24 0.00000000E+00 0.00000000E+00 0.00000000E+00-1.60395629E-04 3.03399284E-03
59 25 0.00000000E+00 0.00000000E+00 0.00000000E+00 0.00000000E+00 0.00000000E+00
59 26 2.12382006E-01 0.00000000E+00 0.00000000E+00 1.07371963E-01 0.00000000E+00
59 27 0.00000000E+00 0.00000000E+00 0.00000000E+00 0.00000000E+00 1.74829866E-02
59 28 0.00000000E+00 0.00000000E+00 0.00000000E+00 0.00000000E+00 0.00000000E+00
59 29 2.12382006E-01 0.00000000E+00 0.00000000E+00 1.07371963E-01 0.00000000E+00
59 30 0.00000000E+00 0.00000000E+00 0.00000000E+00 0.00000000E+00-1.74829866E-02
59 31 0.00000000E+00 0.00000000E+00 0.00000000E+00 0.00000000E+00 0.00000000E+00
59 32 2.25512031E-01 0.00000000E+00 0.00000000E+00 1.31205171E-01 0.00000000E+00
59 33 0.00000000E+00 0.00000000E+00 0.00000000E+00 9.68472549E-03 6.64294133E-03
59 34 0.00000000E+00 0.00000000E+00 0.00000000E+00 0.00000000E+00 0.00000000E+00
59 35 2.25512031E-01 0.00000000E+00 0.00000000E+00 1.31205171E-01 0.00000000E+00
59 36 0.00000000E+00 0.00000000E+00 0.00000000E+00-9.68472549E-03 6.64294133E-03
59 37 0.00000000E+00 0.00000000E+00 0.00000000E+00 0.00000000E+00 0.00000000E+00
59 38 2.25512031E-01 0.00000000E+00 0.00000000E+00 1.31205171E-01 0.00000000E+00
59 39 0.00000000E+00 0.00000000E+00 0.00000000E+00 9.68472549E-03-6.64294133E-03
59 40 0.00000000E+00 0.00000000E+00 0.00000000E+00 0.00000000E+00 0.00000000E+00
59 41 2.25512031E-01 0.00000000E+00 0.00000000E+00 1.31205171E-01 0.00000000E+00
59 42 0.00000000E+00 0.00000000E+00 0.00000000E+00-9.68472549E-03-6.64294133E-03
59 43 0.00000000E+00 0.00000000E+00 0.00000000E+00 0.00000000E+00 0.00000000E+00
59 44-1.77654396E-02 0.00000000E+00 0.00000000E+00-1.41012964E-02 0.00000000E+00
59 45 0.00000000E+00 0.00000000E+00 0.00000000E+00 5.37200792E-04-4.72011827E-04
59 46 0.00000000E+00 0.00000000E+00 0.00000000E+00 0.00000000E+00 0.00000000E+00
59 47-1.77654396E-02 0.00000000E+00 0.00000000E+00-1.41012964E-02 0.00000000E+00
59 48 0.00000000E+00 0.00000000E+00 0.00000000E+00-5.37200792E-04-4.72011827E-04
59 49 0.00000000E+00 0.00000000E+00 0.00000000E+00 0.00000000E+00 0.00000000E+00
59 50-1.77654396E-02 0.00000000E+00 0.00000000E+00-1.41012964E-02 0.00000000E+00
59 51 0.00000000E+00 0.00000000E+00 0.00000000E+00 5.37200792E-04 4.72011827E-04
59 52 0.00000000E+00 0.00000000E+00 0.00000000E+00 0.00000000E+00 0.00000000E+00
59 53-1.77654396E-02 0.00000000E+00 0.00000000E+00-1.41012964E-02 0.00000000E+00
59 54 0.00000000E+00 0.00000000E+00 0.00000000E+00-5.37200792E-04 4.72011827E-04
59 55 0.00000000E+00 0.00000000E+00 0.00000000E+00 0.00000000E+00 6.86473396E-03
59 56 0.00000000E+00 0.00000000E+00 0.00000000E+00 0.00000000E+00 6.86473396E-03
59 57 0.00000000E+00 0.00000000E+00 0.00000000E+00 0.00000000E+00-6.04664676E-04
59 58 0.00000000E+00 0.00000000E+00 0.00000000E+00 0.00000000E+00-6.04664677E-04
59 59 0.00000000E+00 0.00000000E+00 0.00000000E+00 0.00000000E+00-6.04664676E-04
59 60 0.00000000E+00 0.00000000E+00 0.00000000E+00 0.00000000E+00-6.04664676E-04
60  1 0.00000000E+00 0.00000000E+00 0.00000000E+00 0.00000000E+00 0.00000000E+00
60  2 3.13472864E-02 0.00000000E+00 0.00000000E+00 6.77153324E-03 0.00000000E+00
60  3 0.00000000E+00 0.00000000E+00 0.00000000E+00 7.29564633E-03 1.10696187E-02
60  4 0.00000000E+00 0.00000000E+00 0.00000000E+00 0.00000000E+00 0.00000000E+00
60  5 3.13472864E-02 0.00000000E+00 0.00000000E+00 6.77153324E-03 0.00000000E+00
60  6 0.00000000E+00 0.00000000E+00 0.00000000E+00-7.29564633E-03 1.10696187E-02
60  7 0.00000000E+00 0.00000000E+00 0.00000000E+00 0.00000000E+00 0.00000000E+00
60  8-3.13472864E-02 0.00000000E+00 0.00000000E+00-6.77153324E-03 0.00000000E+00
60  9 0.00000000E+00 0.00000000E+00 0.00000000E+00-7.29564633E-03 1.10696187E-02
60 10 0.00000000E+00 0.00000000E+00 0.00000000E+00 0.00000000E+00 0.00000000E+00
60 11-3.13472864E-02 0.00000000E+00 0.00000000E+00-6.77153324E-03 0.00000000E+00
60 12 0.00000000E+00 0.00000000E+00 0.00000000E+00 7.29564633E-03 1.10696187E-02
60 13 0.00000000E+00 0.00000000E+00 0.00000000E+00 0.00000000E+00 0.00000000E+00
60 14-1.12127499E-01 0.00000000E+00 0.00000000E+00-9.30166833E-02 0.00000000E+00
60 15 0.00000000E+00 0.00000000E+00 0.00000000E+00 4.19390001E-04-3.08457024E-03
60 16 0.00000000E+00 0.00000000E+00 0.00000000E+00 0.00000000E+00 0.00000000E+00
60 17-1.12127499E-01 0.00000000E+00 0.00000000E+00-9.30166833E-02 0.00000000E+00
60 18 0.00000000E+00 0.00000000E+00 0.00000000E+00-4.19390001E-04-3.08457024E-03
60 19 0.00000000E+00 0.00000000E+00 0.00000000E+00 0.00000000E+00 0.00000000E+00
60 20 1.12127499E-01 0.00000000E+00 0.00000000E+00 9.30166833E-02 0.00000000E+00
60 21 0.00000000E+00 0.00000000E+00 0.00000000E+00-4.19390001E-04-3.08457024E-03
60 22 0.00000000E+00 0.00000000E+00 0.00000000E+00 0.00000000E+00 0.00000000E+00
60 23 1.12127499E-01 0.00000000E+00 0.00000000E+00 9.30166833E-02 0.00000000E+00
60 24 0.00000000E+00 0.00000000E+00 0.00000000E+00 4.19390001E-04-3.08457024E-03
60 25 0.00000000E+00 0.00000000E+00 0.00000000E+00 0.00000000E+00 0.00000000E+00
60 26 3.01136098E-01 0.00000000E+00 0.00000000E+00 1.98185546E-01 0.00000000E+00
60 27 0.00000000E+00 0.00000000E+00 0.00000000E+00 0.00000000E+00 1.56507159E-02
60 28 0.00000000E+00 0.00000000E+00 0.00000000E+00 0.00000000E+00 0.00000000E+00
60 29-3.01136098E-01 0.00000000E+00 0.00000000E+00-1.98185546E-01 0.00000000E+00
60 30 0.00000000E+00 0.00000000E+00 0.00000000E+00 0.00000000E+00 1.56507159E-02
60 31 0.00000000E+00 0.00000000E+00 0.00000000E+00 0.00000000E+00 0.00000000E+00
60 32 1.81967541E-01 0.00000000E+00 0.00000000E+00 1.32782668E-01 0.00000000E+00
60 33 0.00000000E+00 0.00000000E+00 0.00000000E+00 1.19833806E-02-1.91163270E-02
60 34 0.00000000E+00 0.00000000E+00 0.00000000E+00 0.00000000E+00 0.00000000E+00
60 35 1.81967541E-01 0.00000000E+00 0.00000000E+00 1.32782668E-01 0.00000000E+00
60 36 0.00000000E+00 0.00000000E+00 0.00000000E+00-1.19833806E-02-1.91163270E-02
60 37 0.00000000E+00 0.00000000E+00 0.00000000E+00 0.00000000E+00 0.00000000E+00
60 38-1.81967541E-01 0.00000000E+00 0.00000000E+00-1.32782668E-01 0.00000000E+00
60 39 0.00000000E+00 0.00000000E+00 0.00000000E+00-1.19833806E-02-1.91163270E-02
60 40 0.00000000E+00 0.00000000E+00 0.00000000E+00 0.00000000E+00 0.00000000E+00
60 41-1.81967541E-01 0.00000000E+00 0.00000000E+00-1.32782668E-01 0.00000000E+00
60 42 0.00000000E+00 0.00000000E+00 0.00000000E+00 1.19833806E-02-1.91163270E-02
60 43 0.00000000E+00 0.00000000E+00 0.00000000E+00 0.00000000E+00 0.00000000E+00
60 44 4.28400775E-03 0.00000000E+00 0.00000000E+00-7.24366994E-03 0.00000000E+00
60 45 0.00000000E+00 0.00000000E+00 0.00000000E+00 1.90716054E-03-2.87063124E-04
60 46 0.00000000E+00 0.00000000E+00 0.00000000E+00 0.00000000E+00 0.00000000E+00
60 47 4.28400775E-03 0.00000000E+00 0.00000000E+00-7.24366994E-03 0.00000000E+00
60 48 0.00000000E+00 0.00000000E+00 0.00000000E+00-1.90716054E-03-2.87063124E-04
60 49 0.00000000E+00 0.00000000E+00 0.00000000E+00 0.00000000E+00 0.00000000E+00
60 50-4.28400775E-03 0.00000000E+00 0.00000000E+00 7.24366994E-03 0.00000000E+00
60 51 0.00000000E+00 0.00000000E+00 0.00000000E+00-1.90716054E-03-2.87063124E-04
60 52 0.00000000E+00 0.00000000E+00 0.00000000E+00 0.00000000E+00 0.00000000E+00
60 53-4.28400775E-03 0.00000000E+00 0.00000000E+00 7.24366994E-03 0.00000000E+00
60 54 0.00000000E+00 0.00000000E+00 0.00000000E+00 1.90716054E-03-2.87063124E-04
60 55 0.00000000E+00 0.00000000E+00 0.00000000E+00 0.00000000E+00 1.01123521E-02
60 56 0.00000000E+00 0.00000000E+00 0.00000000E+00 0.00000000E+00-1.01123521E-02
60 57 0.00000000E+00 0.00000000E+00 0.00000000E+00 0.00000000E+00 3.23467150E-04
60 58 0.00000000E+00 0.00000000E+00 0.00000000E+00 0.00000000E+00 3.23467149E-04
60 59 0.00000000E+00 0.00000000E+00 0.00000000E+00 0.00000000E+00-3.23467150E-04
60 60 0.00000000E+00 0.00000000E+00 0.00000000E+00 0.00000000E+00-3.23467150E-04
61  1 0.00000000E+00 0.00000000E+00 0.00000000E+00 0.00000000E+00 0.00000000E+00
61  2-4.20440969E-02 0.00000000E+00 0.00000000E+00-1.19925986E-02 0.00000000E+00
61  3 0.00000000E+00 0.00000000E+00 0.00000000E+00-1.19378866E-02-1.46509098E-02
61  4 0.00000000E+00 0.00000000E+00 0.00000000E+00 0.00000000E+00 0.00000000E+00
61  5 4.20440969E-02 0.00000000E+00 0.00000000E+00 1.19925986E-02 0.00000000E+00
61  6 0.00000000E+00 0.00000000E+00 0.00000000E+00-1.19378866E-02 1.46509098E-02
61  7 0.00000000E+00 0.00000000E+00 0.00000000E+00 0.00000000E+00 0.00000000E+00
61  8-4.20440969E-02 0.00000000E+00 0.00000000E+00-1.19925986E-02 0.00000000E+00
61  9 0.00000000E+00 0.00000000E+00 0.00000000E+00-1.19378866E-02 1.46509098E-02
61 10 0.00000000E+00 0.00000000E+00 0.00000000E+00 0.00000000E+00 0.00000000E+00
61 11 4.20440969E-02 0.00000000E+00 0.00000000E+00 1.19925986E-02 0.00000000E+00
61 12 0.00000000E+00 0.00000000E+00 0.00000000E+00-1.19378866E-02-1.46509098E-02
61 13 0.00000000E+00 0.00000000E+00 0.00000000E+00 0.00000000E+00 0.00000000E+00
61 14 1.38725013E-01 0.00000000E+00 0.00000000E+00 1.15061550E-01 0.00000000E+00
61 15 0.00000000E+00 0.00000000E+00 0.00000000E+00-1.37469807E-04 3.89478484E-03
61 16 0.00000000E+00 0.00000000E+00 0.00000000E+00 0.00000000E+00 0.00000000E+00
61 17-1.38725013E-01 0.00000000E+00 0.00000000E+00-1.15061550E-01 0.00000000E+00
61 18 0.00000000E+00 0.00000000E+00 0.00000000E+00-1.37469807E-04-3.89478484E-03
61 19 0.00000000E+00 0.00000000E+00 0.00000000E+00 0.00000000E+00 0.00000000E+00
61 20 1.38725013E-01 0.00000000E+00 0.00000000E+00 1.15061550E-01 0.00000000E+00
61 21 0.00000000E+00 0.00000000E+00 0.00000000E+00-1.37469807E-04-3.89478484E-03
61 22 0.00000000E+00 0.00000000E+00 0.00000000E+00 0.00000000E+00 0.00000000E+00
61 23-1.38725013E-01 0.00000000E+00 0.00000000E+00-1.15061550E-01 0.00000000E+00
61 24 0.00000000E+00 0.00000000E+00 0.00000000E+00-1.37469807E-04 3.89478484E-03
61 25 0.00000000E+00 0.00000000E+00 0.00000000E+00 0.00000000E+00 0.00000000E+00
61 26 0.00000000E+00 0.00000000E+00 0.00000000E+00 0.00000000E+00 0.00000000E+00
61 27 0.00000000E+00 0.00000000E+00 0.00000000E+00 2.43084471E-02 0.00000000E+00
61 28 0.00000000E+00 0.00000000E+00 0.00000000E+00 0.00000000E+00 0.00000000E+00
61 29 0.00000000E+00 0.00000000E+00 0.00000000E+00 0.00000000E+00 0.00000000E+00
61 30 0.00000000E+00 0.00000000E+00 0.00000000E+00 2.43084471E-02 0.00000000E+00
61 31 0.00000000E+00 0.00000000E+00 0.00000000E+00 0.00000000E+00 0.00000000E+00
61 32-2.69020535E-01 0.00000000E+00 0.00000000E+00-1.86931043E-01 0.00000000E+00
61 33 0.00000000E+00 0.00000000E+00 0.00000000E+00 5.99664635E-03-1.44195081E-02
61 34 0.00000000E+00 0.00000000E+00 0.00000000E+00 0.00000000E+00 0.00000000E+00
61 35 2.69020535E-01 0.00000000E+00 0.00000000E+00 1.86931043E-01 0.00000000E+00
61 36 0.00000000E+00 0.00000000E+00 0.00000000E+00 5.99664635E-03 1.44195081E-02
61 37 0.00000000E+00 0.00000000E+00 0.00000000E+00 0.00000000E+00 0.00000000E+00
61 38-2.69020535E-01 0.00000000E+00 0.00000000E+00-1.86931043E-01 0.00000000E+00
61 39 0.00000000E+00 0.00000000E+00 0.00000000E+00 5.99664635E-03 1.44195081E-02
61 40 0.00000000E+00 0.00000000E+00 0.00000000E+00 0.00000000E+00 0.00000000E+00
61 41 2.69020535E-01 0.00000000E+00 0.00000000E+00 1.86931043E-01 0.00000000E+00
61 42 0.00000000E+00 0.00000000E+00 0.00000000E+00 5.99664635E-03-1.44195081E-02
61 43 0.00000000E+00 0.00000000E+00 0.00000000E+00 0.00000000E+00 0.00000000E+00
61 44 3.76457155E-02 0.00000000E+00 0.00000000E+00 3.41549365E-02 0.00000000E+00
61 45 0.00000000E+00 0.00000000E+00 0.00000000E+00-3.39824492E-03 2.51400712E-03
61 46 0.00000000E+00 0.00000000E+00 0.00000000E+00 0.00000000E+00 0.00000000E+00
61 47-3.76457155E-02 0.00000000E+00 0.00000000E+00-3.41549365E-02 0.00000000E+00
61 48 0.00000000E+00 0.00000000E+00 0.00000000E+00-3.39824492E-03-2.51400712E-03
61 49 0.00000000E+00 0.00000000E+00 0.00000000E+00 0.00000000E+00 0.00000000E+00
61 50 3.76457155E-02 0.00000000E+00 0.00000000E+00 3.41549365E-02 0.00000000E+00
61 51 0.00000000E+00 0.00000000E+00 0.00000000E+00-3.39824492E-03-2.51400712E-03
61 52 0.00000000E+00 0.00000000E+00 0.00000000E+00 0.00000000E+00 0.00000000E+00
61 53-3.76457155E-02 0.00000000E+00 0.00000000E+00-3.41549365E-02 0.00000000E+00
61 54 0.00000000E+00 0.00000000E+00 0.00000000E+00-3.39824492E-03 2.51400712E-03
61 55 0.00000000E+00 0.00000000E+00 0.00000000E+00 0.00000000E+00 0.00000000E+00
61 56 0.00000000E+00 0.00000000E+00 0.00000000E+00 0.00000000E+00 0.00000000E+00
61 57 0.00000000E+00 0.00000000E+00 0.00000000E+00 0.00000000E+00 1.50637002E-03
61 58 0.00000000E+00 0.00000000E+00 0.00000000E+00 0.00000000E+00-1.50637002E-03
61 59 0.00000000E+00 0.00000000E+00 0.00000000E+00 0.00000000E+00 1.50637002E-03
61 60 0.00000000E+00 0.00000000E+00 0.00000000E+00 0.00000000E+00-1.50637002E-03
62  1 0.00000000E+00 0.00000000E+00 0.00000000E+00 0.00000000E+00 0.00000000E+00
62  2-1.51163270E-01 0.00000000E+00 0.00000000E+00-1.17153553E-01 0.00000000E+00
62  3 0.00000000E+00 0.00000000E+00 0.00000000E+00-2.82140957E-03-2.21815480E-02
62  4 0.00000000E+00 0.00000000E+00 0.00000000E+00 0.00000000E+00 0.00000000E+00
62  5 1.51163270E-01 0.00000000E+00 0.00000000E+00 1.17153553E-01 0.00000000E+00
62  6 0.00000000E+00 0.00000000E+00 0.00000000E+00-2.82140957E-03 2.21815480E-02
62  7 0.00000000E+00 0.00000000E+00 0.00000000E+00 0.00000000E+00 0.00000000E+00
62  8 1.51163270E-01 0.00000000E+00 0.00000000E+00 1.17153553E-01 0.00000000E+00
62  9 0.00000000E+00 0.00000000E+00 0.00000000E+00 2.82140957E-03-2.21815480E-02
62 10 0.00000000E+00 0.00000000E+00 0.00000000E+00 0.00000000E+00 0.00000000E+00
62 11-1.51163270E-01 0.00000000E+00 0.00000000E+00-1.17153553E-01 0.00000000E+00
62 12 0.00000000E+00 0.00000000E+00 0.00000000E+00 2.82140957E-03 2.21815480E-02
62 13 0.00000000E+00 0.00000000E+00 0.00000000E+00 0.00000000E+00 0.00000000E+00
62 14 2.70164895E-01 0.00000000E+00 0.00000000E+00 2.31010011E-01 0.00000000E+00
62 15 0.00000000E+00 0.00000000E+00 0.00000000E+00 2.55704730E-04 4.50716285E-03
62 16 0.00000000E+00 0.00000000E+00 0.00000000E+00 0.00000000E+00 0.00000000E+00
62 17-2.70164895E-01 0.00000000E+00 0.00000000E+00-2.31010011E-01 0.00000000E+00
62 18 0.00000000E+00 0.00000000E+00 0.00000000E+00 2.55704730E-04-4.50716286E-03
62 19 0.00000000E+00 0.00000000E+00 0.00000000E+00 0.00000000E+00 0.00000000E+00
62 20-2.70164895E-01 0.00000000E+00 0.00000000E+00-2.31010011E-01 0.00000000E+00
62 21 0.00000000E+00 0.00000000E+00 0.00000000E+00-2.55704730E-04 4.50716286E-03
62 22 0.00000000E+00 0.00000000E+00 0.00000000E+00 0.00000000E+00 0.00000000E+00
62 23 2.70164895E-01 0.00000000E+00 0.00000000E+00 2.31010011E-01 0.00000000E+00
62 24 0.00000000E+00 0.00000000E+00 0.00000000E+00-2.55704730E-04-4.50716286E-03
62 25 0.00000000E+00 0.00000000E+00 0.00000000E+00 0.00000000E+00 0.00000000E+00
62 26 0.00000000E+00 0.00000000E+00 0.00000000E+00 0.00000000E+00 0.00000000E+00
62 27 0.00000000E+00 0.00000000E+00 0.00000000E+00 1.01937665E-02 0.00000000E+00
62 28 0.00000000E+00 0.00000000E+00 0.00000000E+00 0.00000000E+00 0.00000000E+00
62 29 0.00000000E+00 0.00000000E+00 0.00000000E+00 0.00000000E+00 0.00000000E+00
62 30 0.00000000E+00 0.00000000E+00 0.00000000E+00-1.01937665E-02 0.00000000E+00
62 31 0.00000000E+00 0.00000000E+00 0.00000000E+00 0.00000000E+00 0.00000000E+00
62 32-1.17327208E-01 0.00000000E+00 0.00000000E+00-8.79924961E-02 0.00000000E+00
62 33 0.00000000E+00 0.00000000E+00 0.00000000E+00 1.03226342E-02 9.62804787E-03
62 34 0.00000000E+00 0.00000000E+00 0.00000000E+00 0.00000000E+00 0.00000000E+00
62 35 1.17327208E-01 0.00000000E+00 0.00000000E+00 8.79924961E-02 0.00000000E+00
62 36 0.00000000E+00 0.00000000E+00 0.00000000E+00 1.03226342E-02-9.62804787E-03
62 37 0.00000000E+00 0.00000000E+00 0.00000000E+00 0.00000000E+00 0.00000000E+00
62 38 1.17327208E-01 0.00000000E+00 0.00000000E+00 8.79924961E-02 0.00000000E+00
62 39 0.00000000E+00 0.00000000E+00 0.00000000E+00-1.03226342E-02 9.62804787E-03
62 40 0.00000000E+00 0.00000000E+00 0.00000000E+00 0.00000000E+00 0.00000000E+00
62 41-1.17327208E-01 0.00000000E+00 0.00000000E+00-8.79924961E-02 0.00000000E+00
62 42 0.00000000E+00 0.00000000E+00 0.00000000E+00-1.03226342E-02-9.62804787E-03
62 43 0.00000000E+00 0.00000000E+00 0.00000000E+00 0.00000000E+00 0.00000000E+00
62 44-6.50196391E-02 0.00000000E+00 0.00000000E+00-4.09428904E-02 0.00000000E+00
62 45 0.00000000E+00 0.00000000E+00 0.00000000E+00-1.05517210E-02 7.32828032E-03
62 46 0.00000000E+00 0.00000000E+00 0.00000000E+00 0.00000000E+00 0.00000000E+00
62 47 6.50196391E-02 0.00000000E+00 0.00000000E+00 4.09428904E-02 0.00000000E+00
62 48 0.00000000E+00 0.00000000E+00 0.00000000E+00-1.05517210E-02-7.32828032E-03
62 49 0.00000000E+00 0.00000000E+00 0.00000000E+00 0.00000000E+00 0.00000000E+00
62 50 6.50196391E-02 0.00000000E+00 0.00000000E+00 4.09428904E-02 0.00000000E+00
62 51 0.00000000E+00 0.00000000E+00 0.00000000E+00 1.05517210E-02 7.32828032E-03
62 52 0.00000000E+00 0.00000000E+00 0.00000000E+00 0.00000000E+00 0.00000000E+00
62 53-6.50196391E-02 0.00000000E+00 0.00000000E+00-4.09428904E-02 0.00000000E+00
62 54 0.00000000E+00 0.00000000E+00 0.00000000E+00 1.05517210E-02-7.32828032E-03
62 55 0.00000000E+00 0.00000000E+00 0.00000000E+00 0.00000000E+00 0.00000000E+00
62 56 0.00000000E+00 0.00000000E+00 0.00000000E+00 0.00000000E+00 0.00000000E+00
62 57 0.00000000E+00 0.00000000E+00 0.00000000E+00 0.00000000E+00-2.47589488E-03
62 58 0.00000000E+00 0.00000000E+00 0.00000000E+00 0.00000000E+00 2.47589487E-03
62 59 0.00000000E+00 0.00000000E+00 0.00000000E+00 0.00000000E+00 2.47589488E-03
62 60 0.00000000E+00 0.00000000E+00 0.00000000E+00 0.00000000E+00-2.47589487E-03
63  1 0.00000000E+00 0.00000000E+00 0.00000000E+00 0.00000000E+00 0.00000000E+00
63  2-1.74563108E-01 0.00000000E+00 0.00000000E+00-1.45855031E-01 0.00000000E+00
63  3 0.00000000E+00 0.00000000E+00 0.00000000E+00 3.30090446E-03-1.85605581E-02
63  4 0.00000000E+00 0.00000000E+00 0.00000000E+00 0.00000000E+00 0.00000000E+00
63  5-1.74563108E-01 0.00000000E+00 0.00000000E+00-1.45855031E-01 0.00000000E+00
63  6 0.00000000E+00 0.00000000E+00 0.00000000E+00-3.30090446E-03-1.85605581E-02
63  7 0.00000000E+00 0.00000000E+00 0.00000000E+00 0.00000000E+00 0.00000000E+00
63  8 1.74563108E-01 0.00000000E+00 0.00000000E+00 1.45855031E-01 0.00000000E+00
63  9 0.00000000E+00 0.00000000E+00 0.00000000E+00-3.30090446E-03-1.85605581E-02
63 10 0.00000000E+00 0.00000000E+00 0.00000000E+00 0.00000000E+00 0.00000000E+00
63 11 1.74563108E-01 0.00000000E+00 0.00000000E+00 1.45855031E-01 0.00000000E+00
63 12 0.00000000E+00 0.00000000E+00 0.00000000E+00 3.30090446E-03-1.85605581E-02
63 13 0.00000000E+00 0.00000000E+00 0.00000000E+00 0.00000000E+00 0.00000000E+00
63 14 2.50742673E-01 0.00000000E+00 0.00000000E+00 2.14437501E-01 0.00000000E+00
63 15 0.00000000E+00 0.00000000E+00 0.00000000E+00 7.14157519E-04 2.69629168E-03
63 16 0.00000000E+00 0.00000000E+00 0.00000000E+00 0.00000000E+00 0.00000000E+00
63 17 2.50742673E-01 0.00000000E+00 0.00000000E+00 2.14437501E-01 0.00000000E+00
63 18 0.00000000E+00 0.00000000E+00 0.00000000E+00-7.14157519E-04 2.69629168E-03
63 19 0.00000000E+00 0.00000000E+00 0.00000000E+00 0.00000000E+00 0.00000000E+00
63 20-2.50742673E-01 0.00000000E+00 0.00000000E+00-2.14437501E-01 0.00000000E+00
63 21 0.00000000E+00 0.00000000E+00 0.00000000E+00-7.14157519E-04 2.69629168E-03
63 22 0.00000000E+00 0.00000000E+00 0.00000000E+00 0.00000000E+00 0.00000000E+00
63 23-2.50742673E-01 0.00000000E+00 0.00000000E+00-2.14437501E-01 0.00000000E+00
63 24 0.00000000E+00 0.00000000E+00 0.00000000E+00 7.14157519E-04 2.69629168E-03
63 25 0.00000000E+00 0.00000000E+00 0.00000000E+00 0.00000000E+00 0.00000000E+00
63 26 1.62230316E-01 0.00000000E+00 0.00000000E+00 1.54474870E-01 0.00000000E+00
63 27 0.00000000E+00 0.00000000E+00 0.00000000E+00 0.00000000E+00 2.58322079E-03
63 28 0.00000000E+00 0.00000000E+00 0.00000000E+00 0.00000000E+00 0.00000000E+00
63 29-1.62230316E-01 0.00000000E+00 0.00000000E+00-1.54474870E-01 0.00000000E+00
63 30 0.00000000E+00 0.00000000E+00 0.00000000E+00 0.00000000E+00 2.58322079E-03
63 31 0.00000000E+00 0.00000000E+00 0.00000000E+00 0.00000000E+00 0.00000000E+00
63 32 8.77170448E-03 0.00000000E+00 0.00000000E+00 4.26988322E-04 0.00000000E+00
63 33 0.00000000E+00 0.00000000E+00 0.00000000E+00 1.94620622E-02-1.69490197E-03
63 34 0.00000000E+00 0.00000000E+00 0.00000000E+00 0.00000000E+00 0.00000000E+00
63 35 8.77170448E-03 0.00000000E+00 0.00000000E+00 4.26988322E-04 0.00000000E+00
63 36 0.00000000E+00 0.00000000E+00 0.00000000E+00-1.94620622E-02-1.69490197E-03
63 37 0.00000000E+00 0.00000000E+00 0.00000000E+00 0.00000000E+00 0.00000000E+00
63 38-8.77170448E-03 0.00000000E+00 0.00000000E+00-4.26988322E-04 0.00000000E+00
63 39 0.00000000E+00 0.00000000E+00 0.00000000E+00-1.94620622E-02-1.69490197E-03
63 40 0.00000000E+00 0.00000000E+00 0.00000000E+00 0.00000000E+00 0.00000000E+00
63 41-8.77170448E-03 0.00000000E+00 0.00000000E+00-4.26988322E-04 0.00000000E+00
63 42 0.00000000E+00 0.00000000E+00 0.00000000E+00 1.94620622E-02-1.69490197E-03
63 43 0.00000000E+00 0.00000000E+00 0.00000000E+00 0.00000000E+00 0.00000000E+00
63 44-8.27626833E-02 0.00000000E+00 0.00000000E+00-6.34861228E-02 0.00000000E+00
63 45 0.00000000E+00 0.00000000E+00 0.00000000E+00-1.24418742E-02 9.90633125E-03
63 46 0.00000000E+00 0.00000000E+00 0.00000000E+00 0.00000000E+00 0.00000000E+00
63 47-8.27626833E-02 0.00000000E+00 0.00000000E+00-6.34861228E-02 0.00000000E+00
63 48 0.00000000E+00 0.00000000E+00 0.00000000E+00 1.24418742E-02 9.90633125E-03
63 49 0.00000000E+00 0.00000000E+00 0.00000000E+00 0.00000000E+00 0.00000000E+00
63 50 8.27626833E-02 0.00000000E+00 0.00000000E+00 6.34861228E-02 0.00000000E+00
63 51 0.00000000E+00 0.00000000E+00 0.00000000E+00 1.24418742E-02 9.90633125E-03
63 52 0.00000000E+00 0.00000000E+00 0.00000000E+00 0.00000000E+00 0.00000000E+00
63 53 8.27626833E-02 0.00000000E+00 0.00000000E+00 6.34861228E-02 0.00000000E+00
63 54 0.00000000E+00 0.00000000E+00 0.00000000E+00-1.24418742E-02 9.90633125E-03
63 55 0.00000000E+00 0.00000000E+00 0.00000000E+00 0.00000000E+00 5.53700177E-03
63 56 0.00000000E+00 0.00000000E+00 0.00000000E+00 0.00000000E+00-5.53700177E-03
63 57 0.00000000E+00 0.00000000E+00 0.00000000E+00 0.00000000E+00-2.93014236E-03
63 58 0.00000000E+00 0.00000000E+00 0.00000000E+00 0.00000000E+00-2.93014236E-03
63 59 0.00000000E+00 0.00000000E+00 0.00000000E+00 0.00000000E+00 2.93014236E-03
63 60 0.00000000E+00 0.00000000E+00 0.00000000E+00 0.00000000E+00 2.93014236E-03
64  1 0.00000000E+00 0.00000000E+00 0.00000000E+00 0.00000000E+00 0.00000000E+00
64  2-2.03669768E-01 0.00000000E+00 0.00000000E+00-1.93892634E-01 0.00000000E+00
64  3 0.00000000E+00 0.00000000E+00 0.00000000E+00-4.61016934E-03-1.22220464E-02
64  4 0.00000000E+00 0.00000000E+00 0.00000000E+00 0.00000000E+00 0.00000000E+00
64  5-2.03669768E-01 0.00000000E+00 0.00000000E+00-1.93892634E-01 0.00000000E+00
64  6 0.00000000E+00 0.00000000E+00 0.00000000E+00 4.61016934E-03-1.22220464E-02
64  7 0.00000000E+00 0.00000000E+00 0.00000000E+00 0.00000000E+00 0.00000000E+00
64  8-2.03669768E-01 0.00000000E+00 0.00000000E+00-1.93892634E-01 0.00000000E+00
64  9 0.00000000E+00 0.00000000E+00 0.00000000E+00-4.61016934E-03 1.22220464E-02
64 10 0.00000000E+00 0.00000000E+00 0.00000000E+00 0.00000000E+00 0.00000000E+00
64 11-2.03669768E-01 0.00000000E+00 0.00000000E+00-1.93892634E-01 0.00000000E+00
64 12 0.00000000E+00 0.00000000E+00 0.00000000E+00 4.61016934E-03 1.22220464E-02
64 13 0.00000000E+00 0.00000000E+00 0.00000000E+00 0.00000000E+00 0.00000000E+00
64 14 2.31479055E-01 0.00000000E+00 0.00000000E+00 1.86120698E-01 0.00000000E+00
64 15 0.00000000E+00 0.00000000E+00 0.00000000E+00 2.14487702E-04 8.68870138E-05
64 16 0.00000000E+00 0.00000000E+00 0.00000000E+00 0.00000000E+00 0.00000000E+00
64 17 2.31479055E-01 0.00000000E+00 0.00000000E+00 1.86120698E-01 0.00000000E+00
64 18 0.00000000E+00 0.00000000E+00 0.00000000E+00-2.14487702E-04 8.68870124E-05
64 19 0.00000000E+00 0.00000000E+00 0.00000000E+00 0.00000000E+00 0.00000000E+00
64 20 2.31479055E-01 0.00000000E+00 0.00000000E+00 1.86120698E-01 0.00000000E+00
64 21 0.00000000E+00 0.00000000E+00 0.00000000E+00 2.14487702E-04-8.68870136E-05
64 22 0.00000000E+00 0.00000000E+00 0.00000000E+00 0.00000000E+00 0.00000000E+00
64 23 2.31479055E-01 0.00000000E+00 0.00000000E+00 1.86120698E-01 0.00000000E+00
64 24 0.00000000E+00 0.00000000E+00 0.00000000E+00-2.14487702E-04-8.68870124E-05
64 25 0.00000000E+00 0.00000000E+00 0.00000000E+00 0.00000000E+00 0.00000000E+00
64 26 2.02827580E-01 0.00000000E+00 0.00000000E+00 1.79558891E-01 0.00000000E+00
64 27 0.00000000E+00 0.00000000E+00 0.00000000E+00 0.00000000E+00 4.85348723E-03
64 28 0.00000000E+00 0.00000000E+00 0.00000000E+00 0.00000000E+00 0.00000000E+00
64 29 2.02827580E-01 0.00000000E+00 0.00000000E+00 1.79558891E-01 0.00000000E+00
64 30 0.00000000E+00 0.00000000E+00 0.00000000E+00 0.00000000E+00-4.85348723E-03
64 31 0.00000000E+00 0.00000000E+00 0.00000000E+00 0.00000000E+00 0.00000000E+00
64 32-2.82655861E-02 0.00000000E+00 0.00000000E+00-2.26402824E-02 0.00000000E+00
64 33 0.00000000E+00 0.00000000E+00 0.00000000E+00 2.35844892E-02-6.37349056E-04
64 34 0.00000000E+00 0.00000000E+00 0.00000000E+00 0.00000000E+00 0.00000000E+00
64 35-2.82655861E-02 0.00000000E+00 0.00000000E+00-2.26402824E-02 0.00000000E+00
64 36 0.00000000E+00 0.00000000E+00 0.00000000E+00-2.35844892E-02-6.37349056E-04
64 37 0.00000000E+00 0.00000000E+00 0.00000000E+00 0.00000000E+00 0.00000000E+00
64 38-2.82655861E-02 0.00000000E+00 0.00000000E+00-2.26402824E-02 0.00000000E+00
64 39 0.00000000E+00 0.00000000E+00 0.00000000E+00 2.35844892E-02 6.37349056E-04
64 40 0.00000000E+00 0.00000000E+00 0.00000000E+00 0.00000000E+00 0.00000000E+00
64 41-2.82655861E-02 0.00000000E+00 0.00000000E+00-2.26402824E-02 0.00000000E+00
64 42 0.00000000E+00 0.00000000E+00 0.00000000E+00-2.35844892E-02 6.37349056E-04
64 43 0.00000000E+00 0.00000000E+00 0.00000000E+00 0.00000000E+00 0.00000000E+00
64 44 8.35218788E-02 0.00000000E+00 0.00000000E+00 9.46905206E-02 0.00000000E+00
64 45 0.00000000E+00 0.00000000E+00 0.00000000E+00-1.11641361E-02 1.39097187E-02
64 46 0.00000000E+00 0.00000000E+00 0.00000000E+00 0.00000000E+00 0.00000000E+00
64 47 8.35218788E-02 0.00000000E+00 0.00000000E+00 9.46905206E-02 0.00000000E+00
64 48 0.00000000E+00 0.00000000E+00 0.00000000E+00 1.11641361E-02 1.39097187E-02
64 49 0.00000000E+00 0.00000000E+00 0.00000000E+00 0.00000000E+00 0.00000000E+00
64 50 8.35218788E-02 0.00000000E+00 0.00000000E+00 9.46905206E-02 0.00000000E+00
64 51 0.00000000E+00 0.00000000E+00 0.00000000E+00-1.11641361E-02-1.39097187E-02
64 52 0.00000000E+00 0.00000000E+00 0.00000000E+00 0.00000000E+00 0.00000000E+00
64 53 8.35218788E-02 0.00000000E+00 0.00000000E+00 9.46905206E-02 0.00000000E+00
64 54 0.00000000E+00 0.00000000E+00 0.00000000E+00 1.11641361E-02-1.39097187E-02
64 55 0.00000000E+00 0.00000000E+00 0.00000000E+00 0.00000000E+00 5.72156943E-03
64 56 0.00000000E+00 0.00000000E+00 0.00000000E+00 0.00000000E+00 5.72156943E-03
64 57 0.00000000E+00 0.00000000E+00 0.00000000E+00 0.00000000E+00 3.77219629E-03
64 58 0.00000000E+00 0.00000000E+00 0.00000000E+00 0.00000000E+00 3.77219629E-03
64 59 0.00000000E+00 0.00000000E+00 0.00000000E+00 0.00000000E+00 3.77219629E-03
64 60 0.00000000E+00 0.00000000E+00 0.00000000E+00 0.00000000E+00 3.77219629E-03
65  1 0.00000000E+00 0.00000000E+00 0.00000000E+00 0.00000000E+00 0.00000000E+00
65  2 1.29437067E-01 0.00000000E+00 0.00000000E+00 1.57446913E-01 0.00000000E+00
65  3 0.00000000E+00 0.00000000E+00 0.00000000E+00-1.13745745E-02-5.02031830E-03
65  4 0.00000000E+00 0.00000000E+00 0.00000000E+00 0.00000000E+00 0.00000000E+00
65  5-1.29437067E-01 0.00000000E+00 0.00000000E+00-1.57446913E-01 0.00000000E+00
65  6 0.00000000E+00 0.00000000E+00 0.00000000E+00-1.13745745E-02 5.02031830E-03
65  7 0.00000000E+00 0.00000000E+00 0.00000000E+00 0.00000000E+00 0.00000000E+00
65  8-1.29437067E-01 0.00000000E+00 0.00000000E+00-1.57446913E-01 0.00000000E+00
65  9 0.00000000E+00 0.00000000E+00 0.00000000E+00 1.13745745E-02-5.02031830E-03
65 10 0.00000000E+00 0.00000000E+00 0.00000000E+00 0.00000000E+00 0.00000000E+00
65 11 1.29437067E-01 0.00000000E+00 0.00000000E+00 1.57446913E-01 0.00000000E+00
65 12 0.00000000E+00 0.00000000E+00 0.00000000E+00 1.13745745E-02 5.02031830E-03
65 13 0.00000000E+00 0.00000000E+00 0.00000000E+00 0.00000000E+00 0.00000000E+00
65 14-9.36126940E-02 0.00000000E+00 0.00000000E+00-4.31666874E-02 0.00000000E+00
65 15 0.00000000E+00 0.00000000E+00 0.00000000E+00 2.35502524E-04 4.66442773E-03
65 16 0.00000000E+00 0.00000000E+00 0.00000000E+00 0.00000000E+00 0.00000000E+00
65 17 9.36126940E-02 0.00000000E+00 0.00000000E+00 4.31666874E-02 0.00000000E+00
65 18 0.00000000E+00 0.00000000E+00 0.00000000E+00 2.35502524E-04-4.66442773E-03
65 19 0.00000000E+00 0.00000000E+00 0.00000000E+00 0.00000000E+00 0.00000000E+00
65 20 9.36126940E-02 0.00000000E+00 0.00000000E+00 4.31666874E-02 0.00000000E+00
65 21 0.00000000E+00 0.00000000E+00 0.00000000E+00-2.35502524E-04 4.66442773E-03
65 22 0.00000000E+00 0.00000000E+00 0.00000000E+00 0.00000000E+00 0.00000000E+00
65 23-9.36126940E-02 0.00000000E+00 0.00000000E+00-4.31666874E-02 0.00000000E+00
65 24 0.00000000E+00 0.00000000E+00 0.00000000E+00-2.35502524E-04-4.66442773E-03
65 25 0.00000000E+00 0.00000000E+00 0.00000000E+00 0.00000000E+00 0.00000000E+00
65 26 0.00000000E+00 0.00000000E+00 0.00000000E+00 0.00000000E+00 0.00000000E+00
65 27 0.00000000E+00 0.00000000E+00 0.00000000E+00 3.08357353E-02 0.00000000E+00
65 28 0.00000000E+00 0.00000000E+00 0.00000000E+00 0.00000000E+00 0.00000000E+00
65 29 0.00000000E+00 0.00000000E+00 0.00000000E+00 0.00000000E+00 0.00000000E+00
65 30 0.00000000E+00 0.00000000E+00 0.00000000E+00-3.08357353E-02 0.00000000E+00
65 31 0.00000000E+00 0.00000000E+00 0.00000000E+00 0.00000000E+00 0.00000000E+00
65 32-3.87795542E-01 0.00000000E+00 0.00000000E+00-2.98871884E-01 0.00000000E+00
65 33 0.00000000E+00 0.00000000E+00 0.00000000E+00-1.04770673E-02 1.05270170E-02
65 34 0.00000000E+00 0.00000000E+00 0.00000000E+00 0.00000000E+00 0.00000000E+00
65 35 3.87795542E-01 0.00000000E+00 0.00000000E+00 2.98871884E-01 0.00000000E+00
65 36 0.00000000E+00 0.00000000E+00 0.00000000E+00-1.04770673E-02-1.05270170E-02
65 37 0.00000000E+00 0.00000000E+00 0.00000000E+00 0.00000000E+00 0.00000000E+00
65 38 3.87795542E-01 0.00000000E+00 0.00000000E+00 2.98871884E-01 0.00000000E+00
65 39 0.00000000E+00 0.00000000E+00 0.00000000E+00 1.04770673E-02 1.05270170E-02
65 40 0.00000000E+00 0.00000000E+00 0.00000000E+00 0.00000000E+00 0.00000000E+00
65 41-3.87795542E-01 0.00000000E+00 0.00000000E+00-2.98871884E-01 0.00000000E+00
65 42 0.00000000E+00 0.00000000E+00 0.00000000E+00 1.04770673E-02-1.05270170E-02
65 43 0.00000000E+00 0.00000000E+00 0.00000000E+00 0.00000000E+00 0.00000000E+00
65 44 4.97116548E-02 0.00000000E+00 0.00000000E+00 3.39435055E-02 0.00000000E+00
65 45 0.00000000E+00 0.00000000E+00 0.00000000E+00 5.99220588E-03-6.97716656E-03
65 46 0.00000000E+00 0.00000000E+00 0.00000000E+00 0.00000000E+00 0.00000000E+00
65 47-4.97116548E-02 0.00000000E+00 0.00000000E+00-3.39435055E-02 0.00000000E+00
65 48 0.00000000E+00 0.00000000E+00 0.00000000E+00 5.99220588E-03 6.97716656E-03
65 49 0.00000000E+00 0.00000000E+00 0.00000000E+00 0.00000000E+00 0.00000000E+00
65 50-4.97116548E-02 0.00000000E+00 0.00000000E+00-3.39435055E-02 0.00000000E+00
65 51 0.00000000E+00 0.00000000E+00 0.00000000E+00-5.99220588E-03-6.97716656E-03
65 52 0.00000000E+00 0.00000000E+00 0.00000000E+00 0.00000000E+00 0.00000000E+00
65 53 4.97116548E-02 0.00000000E+00 0.00000000E+00 3.39435055E-02 0.00000000E+00
65 54 0.00000000E+00 0.00000000E+00 0.00000000E+00-5.99220588E-03 6.97716656E-03
65 55 0.00000000E+00 0.00000000E+00 0.00000000E+00 0.00000000E+00 0.00000000E+00
65 56 0.00000000E+00 0.00000000E+00 0.00000000E+00 0.00000000E+00 0.00000000E+00
65 57 0.00000000E+00 0.00000000E+00 0.00000000E+00 0.00000000E+00 1.45752887E-03
65 58 0.00000000E+00 0.00000000E+00 0.00000000E+00 0.00000000E+00-1.45752887E-03
65 59 0.00000000E+00 0.00000000E+00 0.00000000E+00 0.00000000E+00-1.45752887E-03
65 60 0.00000000E+00 0.00000000E+00 0.00000000E+00 0.00000000E+00 1.45752887E-03
66  1 0.00000000E+00 0.00000000E+00 0.00000000E+00 0.00000000E+00 0.00000000E+00
66  2-2.46879976E-01 0.00000000E+00 0.00000000E+00-2.53356888E-01 0.00000000E+00
66  3 0.00000000E+00 0.00000000E+00 0.00000000E+00 1.43397234E-03-5.41478637E-03
66  4 0.00000000E+00 0.00000000E+00 0.00000000E+00 0.00000000E+00 0.00000000E+00
66  5 2.46879976E-01 0.00000000E+00 0.00000000E+00 2.53356888E-01 0.00000000E+00
66  6 0.00000000E+00 0.00000000E+00 0.00000000E+00 1.43397234E-03 5.41478637E-03
66  7 0.00000000E+00 0.00000000E+00 0.00000000E+00 0.00000000E+00 0.00000000E+00
66  8-2.46879976E-01 0.00000000E+00 0.00000000E+00-2.53356888E-01 0.00000000E+00
66  9 0.00000000E+00 0.00000000E+00 0.00000000E+00 1.43397234E-03 5.41478637E-03
66 10 0.00000000E+00 0.00000000E+00 0.00000000E+00 0.00000000E+00 0.00000000E+00
66 11 2.46879976E-01 0.00000000E+00 0.00000000E+00 2.53356888E-01 0.00000000E+00
66 12 0.00000000E+00 0.00000000E+00 0.00000000E+00 1.43397234E-03-5.41478637E-03
66 13 0.00000000E+00 0.00000000E+00 0.00000000E+00 0.00000000E+00 0.00000000E+00
66 14 2.30185676E-01 0.00000000E+00 0.00000000E+00 1.69216144E-01 0.00000000E+00
66 15 0.00000000E+00 0.00000000E+00 0.00000000E+00-2.62760300E-05-2.97338821E-03
66 16 0.00000000E+00 0.00000000E+00 0.00000000E+00 0.00000000E+00 0.00000000E+00
66 17-2.30185676E-01 0.00000000E+00 0.00000000E+00-1.69216144E-01 0.00000000E+00
66 18 0.00000000E+00 0.00000000E+00 0.00000000E+00-2.62760300E-05 2.97338821E-03
66 19 0.00000000E+00 0.00000000E+00 0.00000000E+00 0.00000000E+00 0.00000000E+00
66 20 2.30185676E-01 0.00000000E+00 0.00000000E+00 1.69216144E-01 0.00000000E+00
66 21 0.00000000E+00 0.00000000E+00 0.00000000E+00-2.62760300E-05 2.97338821E-03
66 22 0.00000000E+00 0.00000000E+00 0.00000000E+00 0.00000000E+00 0.00000000E+00
66 23-2.30185676E-01 0.00000000E+00 0.00000000E+00-1.69216144E-01 0.00000000E+00
66 24 0.00000000E+00 0.00000000E+00 0.00000000E+00-2.62760300E-05-2.97338821E-03
66 25 0.00000000E+00 0.00000000E+00 0.00000000E+00 0.00000000E+00 0.00000000E+00
66 26 0.00000000E+00 0.00000000E+00 0.00000000E+00 0.00000000E+00 0.00000000E+00
66 27 0.00000000E+00 0.00000000E+00 0.00000000E+00-1.44321419E-02 0.00000000E+00
66 28 0.00000000E+00 0.00000000E+00 0.00000000E+00 0.00000000E+00 0.00000000E+00
66 29 0.00000000E+00 0.00000000E+00 0.00000000E+00 0.00000000E+00 0.00000000E+00
66 30 0.00000000E+00 0.00000000E+00 0.00000000E+00-1.44321419E-02 0.00000000E+00
66 31 0.00000000E+00 0.00000000E+00 0.00000000E+00 0.00000000E+00 0.00000000E+00
66 32 1.49381833E-01 0.00000000E+00 0.00000000E+00 1.30778984E-01 0.00000000E+00
66 33 0.00000000E+00 0.00000000E+00 0.00000000E+00 1.24318702E-02 1.70899116E-02
66 34 0.00000000E+00 0.00000000E+00 0.00000000E+00 0.00000000E+00 0.00000000E+00
66 35-1.49381833E-01 0.00000000E+00 0.00000000E+00-1.30778984E-01 0.00000000E+00
66 36 0.00000000E+00 0.00000000E+00 0.00000000E+00 1.24318702E-02-1.70899116E-02
66 37 0.00000000E+00 0.00000000E+00 0.00000000E+00 0.00000000E+00 0.00000000E+00
66 38 1.49381833E-01 0.00000000E+00 0.00000000E+00 1.30778984E-01 0.00000000E+00
66 39 0.00000000E+00 0.00000000E+00 0.00000000E+00 1.24318702E-02-1.70899116E-02
66 40 0.00000000E+00 0.00000000E+00 0.00000000E+00 0.00000000E+00 0.00000000E+00
66 41-1.49381833E-01 0.00000000E+00 0.00000000E+00-1.30778984E-01 0.00000000E+00
66 42 0.00000000E+00 0.00000000E+00 0.00000000E+00 1.24318702E-02 1.70899116E-02
66 43 0.00000000E+00 0.00000000E+00 0.00000000E+00 0.00000000E+00 0.00000000E+00
66 44 7.68724345E-02 0.00000000E+00 0.00000000E+00 9.61946496E-02 0.00000000E+00
66 45 0.00000000E+00 0.00000000E+00 0.00000000E+00-1.14213965E-02 1.65423089E-02
66 46 0.00000000E+00 0.00000000E+00 0.00000000E+00 0.00000000E+00 0.00000000E+00
66 47-7.68724345E-02 0.00000000E+00 0.00000000E+00-9.61946496E-02 0.00000000E+00
66 48 0.00000000E+00 0.00000000E+00 0.00000000E+00-1.14213965E-02-1.65423089E-02
66 49 0.00000000E+00 0.00000000E+00 0.00000000E+00 0.00000000E+00 0.00000000E+00
66 50 7.68724345E-02 0.00000000E+00 0.00000000E+00 9.61946496E-02 0.00000000E+00
66 51 0.00000000E+00 0.00000000E+00 0.00000000E+00-1.14213965E-02-1.65423089E-02
66 52 0.00000000E+00 0.00000000E+00 0.00000000E+00 0.00000000E+00 0.00000000E+00
66 53-7.68724345E-02 0.00000000E+00 0.00000000E+00-9.61946496E-02 0.00000000E+00
66 54 0.00000000E+00 0.00000000E+00 0.00000000E+00-1.14213965E-02 1.65423089E-02
66 55 0.00000000E+00 0.00000000E+00 0.00000000E+00 0.00000000E+00 0.00000000E+00
66 56 0.00000000E+00 0.00000000E+00 0.00000000E+00 0.00000000E+00 0.00000000E+00
66 57 0.00000000E+00 0.00000000E+00 0.00000000E+00 0.00000000E+00 3.61129830E-03
66 58 0.00000000E+00 0.00000000E+00 0.00000000E+00 0.00000000E+00-3.61129830E-03
66 59 0.00000000E+00 0.00000000E+00 0.00000000E+00 0.00000000E+00 3.61129830E-03
66 60 0.00000000E+00 0.00000000E+00 0.00000000E+00 0.00000000E+00-3.61129830E-03
67  1 0.00000000E+00 0.00000000E+00 0.00000000E+00 0.00000000E+00 0.00000000E+00
67  2 1.29434646E-01 0.00000000E+00 0.00000000E+00 1.52645061E-01 0.00000000E+00
67  3 0.00000000E+00 0.00000000E+00 0.00000000E+00-4.01941973E-03-3.26901637E-03
67  4 0.00000000E+00 0.00000000E+00 0.00000000E+00 0.00000000E+00 0.00000000E+00
67  5 1.29434646E-01 0.00000000E+00 0.00000000E+00 1.52645061E-01 0.00000000E+00
67  6 0.00000000E+00 0.00000000E+00 0.00000000E+00 4.01941973E-03-3.26901637E-03
67  7 0.00000000E+00 0.00000000E+00 0.00000000E+00 0.00000000E+00 0.00000000E+00
67  8 1.29434646E-01 0.00000000E+00 0.00000000E+00 1.52645061E-01 0.00000000E+00
67  9 0.00000000E+00 0.00000000E+00 0.00000000E+00-4.01941973E-03 3.26901637E-03
67 10 0.00000000E+00 0.00000000E+00 0.00000000E+00 0.00000000E+00 0.00000000E+00
67 11 1.29434646E-01 0.00000000E+00 0.00000000E+00 1.52645061E-01 0.00000000E+00
67 12 0.00000000E+00 0.00000000E+00 0.00000000E+00 4.01941973E-03 3.26901637E-03
67 13 0.00000000E+00 0.00000000E+00 0.00000000E+00 0.00000000E+00 0.00000000E+00
67 14-1.09616350E-01 0.00000000E+00 0.00000000E+00-6.44196625E-02 0.00000000E+00
67 15 0.00000000E+00 0.00000000E+00 0.00000000E+00 6.60244737E-04 3.69695048E-03
67 16 0.00000000E+00 0.00000000E+00 0.00000000E+00 0.00000000E+00 0.00000000E+00
67 17-1.09616350E-01 0.00000000E+00 0.00000000E+00-6.44196625E-02 0.00000000E+00
67 18 0.00000000E+00 0.00000000E+00 0.00000000E+00-6.60244737E-04 3.69695048E-03
67 19 0.00000000E+00 0.00000000E+00 0.00000000E+00 0.00000000E+00 0.00000000E+00
67 20-1.09616350E-01 0.00000000E+00 0.00000000E+00-6.44196625E-02 0.00000000E+00
67 21 0.00000000E+00 0.00000000E+00 0.00000000E+00 6.60244737E-04-3.69695048E-03
67 22 0.00000000E+00 0.00000000E+00 0.00000000E+00 0.00000000E+00 0.00000000E+00
67 23-1.09616350E-01 0.00000000E+00 0.00000000E+00-6.44196625E-02 0.00000000E+00
67 24 0.00000000E+00 0.00000000E+00 0.00000000E+00-6.60244737E-04-3.69695048E-03
67 25 0.00000000E+00 0.00000000E+00 0.00000000E+00 0.00000000E+00 0.00000000E+00
67 26 4.06123137E-01 0.00000000E+00 0.00000000E+00 3.05799231E-01 0.00000000E+00
67 27 0.00000000E+00 0.00000000E+00 0.00000000E+00 0.00000000E+00 1.67362938E-03
67 28 0.00000000E+00 0.00000000E+00 0.00000000E+00 0.00000000E+00 0.00000000E+00
67 29 4.06123137E-01 0.00000000E+00 0.00000000E+00 3.05799231E-01 0.00000000E+00
67 30 0.00000000E+00 0.00000000E+00 0.00000000E+00 0.00000000E+00-1.67362938E-03
67 31 0.00000000E+00 0.00000000E+00 0.00000000E+00 0.00000000E+00 0.00000000E+00
67 32-2.38881180E-01 0.00000000E+00 0.00000000E+00-1.83902821E-01 0.00000000E+00
67 33 0.00000000E+00 0.00000000E+00 0.00000000E+00 7.41212483E-03-2.96676695E-02
67 34 0.00000000E+00 0.00000000E+00 0.00000000E+00 0.00000000E+00 0.00000000E+00
67 35-2.38881180E-01 0.00000000E+00 0.00000000E+00-1.83902821E-01 0.00000000E+00
67 36 0.00000000E+00 0.00000000E+00 0.00000000E+00-7.41212483E-03-2.96676695E-02
67 37 0.00000000E+00 0.00000000E+00 0.00000000E+00 0.00000000E+00 0.00000000E+00
67 38-2.38881180E-01 0.00000000E+00 0.00000000E+00-1.83902821E-01 0.00000000E+00
67 39 0.00000000E+00 0.00000000E+00 0.00000000E+00 7.41212483E-03 2.96676695E-02
67 40 0.00000000E+00 0.00000000E+00 0.00000000E+00 0.00000000E+00 0.00000000E+00
67 41-2.38881180E-01 0.00000000E+00 0.00000000E+00-1.83902821E-01 0.00000000E+00
67 42 0.00000000E+00 0.00000000E+00 0.00000000E+00-7.41212483E-03 2.96676695E-02
67 43 0.00000000E+00 0.00000000E+00 0.00000000E+00 0.00000000E+00 0.00000000E+00
67 44-2.42880243E-02 0.00000000E+00 0.00000000E+00-3.70798423E-02 0.00000000E+00
67 45 0.00000000E+00 0.00000000E+00 0.00000000E+00 4.87825859E-03-7.54944810E-03
67 46 0.00000000E+00 0.00000000E+00 0.00000000E+00 0.00000000E+00 0.00000000E+00
67 47-2.42880243E-02 0.00000000E+00 0.00000000E+00-3.70798423E-02 0.00000000E+00
67 48 0.00000000E+00 0.00000000E+00 0.00000000E+00-4.87825859E-03-7.54944810E-03
67 49 0.00000000E+00 0.00000000E+00 0.00000000E+00 0.00000000E+00 0.00000000E+00
67 50-2.42880243E-02 0.00000000E+00 0.00000000E+00-3.70798423E-02 0.00000000E+00
67 51 0.00000000E+00 0.00000000E+00 0.00000000E+00 4.87825859E-03 7.54944810E-03
67 52 0.00000000E+00 0.00000000E+00 0.00000000E+00 0.00000000E+00 0.00000000E+00
67 53-2.42880243E-02 0.00000000E+00 0.00000000E+00-3.70798423E-02 0.00000000E+00
67 54 0.00000000E+00 0.00000000E+00 0.00000000E+00-4.87825859E-03 7.54944810E-03
67 55 0.00000000E+00 0.00000000E+00 0.00000000E+00 0.00000000E+00 6.54258684E-03
67 56 0.00000000E+00 0.00000000E+00 0.00000000E+00 0.00000000E+00 6.54258684E-03
67 57 0.00000000E+00 0.00000000E+00 0.00000000E+00 0.00000000E+00-1.46201849E-03
67 58 0.00000000E+00 0.00000000E+00 0.00000000E+00 0.00000000E+00-1.46201849E-03
67 59 0.00000000E+00 0.00000000E+00 0.00000000E+00 0.00000000E+00-1.46201849E-03
67 60 0.00000000E+00 0.00000000E+00 0.00000000E+00 0.00000000E+00-1.46201849E-03
68  1 0.00000000E+00 0.00000000E+00 0.00000000E+00 0.00000000E+00 0.00000000E+00
68  2 7.92536851E-02 0.00000000E+00 0.00000000E+00 1.24818345E-01 0.00000000E+00
68  3 0.00000000E+00 0.00000000E+00 0.00000000E+00-8.80982707E-03-8.42454616E-03
68  4 0.00000000E+00 0.00000000E+00 0.00000000E+00 0.00000000E+00 0.00000000E+00
68  5 7.92536851E-02 0.00000000E+00 0.00000000E+00 1.24818345E-01 0.00000000E+00
68  6 0.00000000E+00 0.00000000E+00 0.00000000E+00 8.80982707E-03-8.42454616E-03
68  7 0.00000000E+00 0.00000000E+00 0.00000000E+00 0.00000000E+00 0.00000000E+00
68  8-7.92536851E-02 0.00000000E+00 0.00000000E+00-1.24818345E-01 0.00000000E+00
68  9 0.00000000E+00 0.00000000E+00 0.00000000E+00 8.80982707E-03-8.42454616E-03
68 10 0.00000000E+00 0.00000000E+00 0.00000000E+00 0.00000000E+00 0.00000000E+00
68 11-7.92536851E-02 0.00000000E+00 0.00000000E+00-1.24818345E-01 0.00000000E+00
68 12 0.00000000E+00 0.00000000E+00 0.00000000E+00-8.80982707E-03-8.42454616E-03
68 13 0.00000000E+00 0.00000000E+00 0.00000000E+00 0.00000000E+00 0.00000000E+00
68 14-6.30723515E-02 0.00000000E+00 0.00000000E+00-1.79031852E-02 0.00000000E+00
68 15 0.00000000E+00 0.00000000E+00 0.00000000E+00 8.45506247E-04 4.90759167E-03
68 16 0.00000000E+00 0.00000000E+00 0.00000000E+00 0.00000000E+00 0.00000000E+00
68 17-6.30723515E-02 0.00000000E+00 0.00000000E+00-1.79031852E-02 0.00000000E+00
68 18 0.00000000E+00 0.00000000E+00 0.00000000E+00-8.45506247E-04 4.90759167E-03
68 19 0.00000000E+00 0.00000000E+00 0.00000000E+00 0.00000000E+00 0.00000000E+00
68 20 6.30723515E-02 0.00000000E+00 0.00000000E+00 1.79031852E-02 0.00000000E+00
68 21 0.00000000E+00 0.00000000E+00 0.00000000E+00-8.45506247E-04 4.90759167E-03
68 22 0.00000000E+00 0.00000000E+00 0.00000000E+00 0.00000000E+00 0.00000000E+00
68 23 6.30723515E-02 0.00000000E+00 0.00000000E+00 1.79031852E-02 0.00000000E+00
68 24 0.00000000E+00 0.00000000E+00 0.00000000E+00 8.45506247E-04 4.90759167E-03
68 25 0.00000000E+00 0.00000000E+00 0.00000000E+00 0.00000000E+00 0.00000000E+00
68 26 3.79415416E-01 0.00000000E+00 0.00000000E+00 3.02845552E-01 0.00000000E+00
68 27 0.00000000E+00 0.00000000E+00 0.00000000E+00 0.00000000E+00-1.37514553E-03
68 28 0.00000000E+00 0.00000000E+00 0.00000000E+00 0.00000000E+00 0.00000000E+00
68 29-3.79415416E-01 0.00000000E+00 0.00000000E+00-3.02845552E-01 0.00000000E+00
68 30 0.00000000E+00 0.00000000E+00 0.00000000E+00 0.00000000E+00-1.37514553E-03
68 31 0.00000000E+00 0.00000000E+00 0.00000000E+00 0.00000000E+00 0.00000000E+00
68 32-3.93484684E-01 0.00000000E+00 0.00000000E+00-3.18698855E-01 0.00000000E+00
68 33 0.00000000E+00 0.00000000E+00 0.00000000E+00 3.59348920E-03-9.38204226E-04
68 34 0.00000000E+00 0.00000000E+00 0.00000000E+00 0.00000000E+00 0.00000000E+00
68 35-3.93484684E-01 0.00000000E+00 0.00000000E+00-3.18698855E-01 0.00000000E+00
68 36 0.00000000E+00 0.00000000E+00 0.00000000E+00-3.59348920E-03-9.38204226E-04
68 37 0.00000000E+00 0.00000000E+00 0.00000000E+00 0.00000000E+00 0.00000000E+00
68 38 3.93484684E-01 0.00000000E+00 0.00000000E+00 3.18698855E-01 0.00000000E+00
68 39 0.00000000E+00 0.00000000E+00 0.00000000E+00-3.59348920E-03-9.38204225E-04
68 40 0.00000000E+00 0.00000000E+00 0.00000000E+00 0.00000000E+00 0.00000000E+00
68 41 3.93484684E-01 0.00000000E+00 0.00000000E+00 3.18698855E-01 0.00000000E+00
68 42 0.00000000E+00 0.00000000E+00 0.00000000E+00 3.59348920E-03-9.38204226E-04
68 43 0.00000000E+00 0.00000000E+00 0.00000000E+00 0.00000000E+00 0.00000000E+00
68 44 3.09957279E-02 0.00000000E+00 0.00000000E+00 2.12900983E-02 0.00000000E+00
68 45 0.00000000E+00 0.00000000E+00 0.00000000E+00 2.55223594E-03-4.20222549E-03
68 46 0.00000000E+00 0.00000000E+00 0.00000000E+00 0.00000000E+00 0.00000000E+00
68 47 3.09957279E-02 0.00000000E+00 0.00000000E+00 2.12900983E-02 0.00000000E+00
68 48 0.00000000E+00 0.00000000E+00 0.00000000E+00-2.55223594E-03-4.20222549E-03
68 49 0.00000000E+00 0.00000000E+00 0.00000000E+00 0.00000000E+00 0.00000000E+00
68 50-3.09957279E-02 0.00000000E+00 0.00000000E+00-2.12900983E-02 0.00000000E+00
68 51 0.00000000E+00 0.00000000E+00 0.00000000E+00-2.55223594E-03-4.20222549E-03
68 52 0.00000000E+00 0.00000000E+00 0.00000000E+00 0.00000000E+00 0.00000000E+00
68 53-3.09957279E-02 0.00000000E+00 0.00000000E+00-2.12900983E-02 0.00000000E+00
68 54 0.00000000E+00 0.00000000E+00 0.00000000E+00 2.55223594E-03-4.20222549E-03
68 55 0.00000000E+00 0.00000000E+00 0.00000000E+00 0.00000000E+00 2.39310728E-03
68 56 0.00000000E+00 0.00000000E+00 0.00000000E+00 0.00000000E+00-2.39310728E-03
68 57 0.00000000E+00 0.00000000E+00 0.00000000E+00 0.00000000E+00 8.54130936E-04
68 58 0.00000000E+00 0.00000000E+00 0.00000000E+00 0.00000000E+00 8.54130936E-04
68 59 0.00000000E+00 0.00000000E+00 0.00000000E+00 0.00000000E+00-8.54130936E-04
68 60 0.00000000E+00 0.00000000E+00 0.00000000E+00 0.00000000E+00-8.54130936E-04
