      230   -0.642021
      116    0.539463
      568    0.282370
     3075   -0.263011
      376    0.113908
      251    0.095728
     3362   -0.086212
     6508   -0.065667
     3158    0.064080
     1650    0.061681
      112    0.060141
     3078   -0.060115
     6875    0.059700
      918   -0.054626
     3425    0.054510
      597    0.054277
      239   -0.053561
     1449    0.051824
     3104   -0.050698
     6679   -0.050590
      122    0.049834
      644    0.048557
     3832    0.047540
     2108   -0.044449
      585    0.044272
     1358   -0.042528
      233    0.040445
     1437   -0.039979
     1726    0.037757
     3083   -0.037376
      318   -0.036785
     6799    0.036037
      126   -0.035281
     7356   -0.034560
      265   -0.034488
     6647   -0.033966
     8614   -0.032833
      739   -0.032524
      935    0.032018
     6650    0.031948
     9994    0.031278
      932   -0.031013
     6598    0.030927
     1530   -0.030348
      860   -0.030284
     8368    0.029898
      268   -0.029367
     1707    0.028480
      134    0.028412
     6818    0.028132
     6872   -0.027896
      647    0.027875
     3365    0.027853
     6525    0.027121
     2126    0.027071
      856   -0.026372
     1506    0.026130
     3164    0.026102
      248    0.026082
      161   -0.025880
      139    0.025607
     4754   -0.025455
     6976    0.025432
     3383    0.025392
     1513   -0.025063
     4764    0.024482
      665   -0.023846
     6858    0.023612
      655   -0.023183
     1492   -0.023161
      736    0.022907
     3107   -0.021689
     3154   -0.021627
     6622   -0.021292
      241    0.021201
     3922   -0.020415
      707   -0.020403
     2296   -0.020211
      710    0.020088
