      426    0.754586
      757   -0.296498
     3266    0.192586
      981    0.192586
     3490   -0.172243
     3955    0.168462
     3475    0.166857
      772    0.166857
      968   -0.146038
     3279   -0.123999
     1891   -0.072142
     7140   -0.068471
      443   -0.062631
     3600   -0.062631
     1197    0.057999
     6700    0.057999
     1097    0.056977
     1551    0.056977
     3606   -0.050324
     1775   -0.050324
      794    0.047232
     7103    0.047232
     2346   -0.043869
      436   -0.043869
     7040   -0.043797
     1991   -0.043797
     1002    0.043625
     6908    0.043625
     8866    0.037704
      476    0.037704
     7605    0.036574
     3282   -0.035528
     3685   -0.035528
     6712   -0.034524
     3509   -0.034524
     6921   -0.033165
     3300   -0.033165
     7106   -0.032959
     1200   -0.032959
     1962   -0.032783
     3478    0.032680
     1178    0.032680
     5238   -0.031838
      454   -0.031838
    10027    0.031739
     3991    0.031739
     3706   -0.031240
     6924   -0.031240
     2240    0.030860
     4071    0.030860
     2356    0.029960
     3672    0.029574
      984    0.029574
     7069   -0.029475
     1166   -0.028947
      791    0.026815
     6697    0.026815
     4403   -0.026651
     3959   -0.026651
      445   -0.025729
     3936   -0.025729
     7118   -0.025454
     3512   -0.025454
    10980   -0.023173
     4171    0.022657
     7389    0.022657
     4339    0.022298
     4882    0.022298
     7137    0.022174
     6734    0.022174
     4439   -0.022169
    10031   -0.022169
      988    0.021407
     4316    0.021407
     7873   -0.021375
    10247   -0.021375
      787    0.021199
     5701    0.021199
