#    time[fs]         Re(autocorrel)     Im(autocorrel)     Abs(autocorrel)
     0.00000000       1.00000000000000   0.00000000000000   1.00000000000000
    0.200000000      -0.73633993429027  -0.50459744048041   0.89264498865449
    0.400000000       0.37877544711586   0.64686859656669   0.74960644378366
    0.600000000      -0.00812070170271  -0.68764194466665   0.68768989367380
    0.800000000      -0.32934257393855   0.38635289115705   0.50767616401982
     1.00000000       0.23267617794100  -0.06117016352489   0.24058261094039
     1.20000000      -0.12408767575485   0.01876939739246   0.12549916952999
     1.40000000       0.03739078467454   0.05891886632624   0.06978182849243
     1.60000000       0.08900765451314   0.06005193601043   0.10737130706353
     1.80000000       0.07159874678273  -0.15150160172522   0.16756824241533
     2.00000000      -0.11962041597184   0.00498211506352   0.11972412199628
     2.20000000       0.07900343643999   0.00689082462069   0.07930338223102
     2.40000000      -0.10188625577544  -0.10780071733319   0.14833005013647
