#    time[fs]         Re(autocorrel)     Im(autocorrel)     Abs(autocorrel)
     0.00000000       1.00000000000000   0.00000000000000   1.00000000000000
    0.200000000      -0.83927925724475  -0.29130833973848   0.88839755765225
    0.400000000       0.66000742956277   0.36263925693521   0.75307173479595
    0.600000000      -0.49178198393198  -0.48896761962502   0.69349755065309
    0.800000000       0.15579159233942   0.46949448309823   0.49466765601091
     1.00000000      -0.00917158392280  -0.23895730671110   0.23913325235582
     1.20000000      -0.00119833981900   0.15356358510648   0.15356826068260
     1.40000000       0.08737666315261  -0.03966309021223   0.09595750095156
     1.60000000       0.01209407738740  -0.11025662517147   0.11091794310235
     1.80000000      -0.12519977677600   0.02459605838872   0.12759290808278
     2.00000000       0.06600063994002   0.02825601441007   0.07179475484208
     2.20000000      -0.10072550390058  -0.02324454729427   0.10337280162084
     2.40000000       0.07933808459017   0.14922332433058   0.16900334964345
     2.60000000       0.06883456860306  -0.14114663380622   0.15703684303245
     2.80000000      -0.06778830856873   0.05632011636965   0.08813177796062
     3.00000000       0.07884261567490  -0.08174680658487   0.11357243694350
     3.20000000      -0.14155648971026   0.00365032392525   0.14160354742679
     3.40000000       0.05449243695443   0.07126298826364   0.08970974964571
     3.60000000      -0.01677346972339  -0.01560893106482   0.02291261695110
     3.80000000       0.04089745400168   0.04347423660865   0.05968761171738
     4.00000000       0.03309833828440  -0.05126970180711   0.06102525969284
     4.20000000      -0.02628387282695  -0.02482763757614   0.03615596158859
     4.40000000      -0.02056446210604  -0.00287172977812   0.02076400572215
     4.60000000      -0.02396673274298   0.01159576297726   0.02662453750581
     4.80000000      -0.00027877741658   0.03426664242205   0.03426777640479
     5.00000000       0.03079880027834   0.01009018713415   0.03240953524794
     5.20000000       0.01712199944193  -0.01532133275034   0.02297620730530
     5.40000000       0.00340855569788  -0.02080249100562   0.02107989288361
     5.60000000      -0.01831060220248  -0.01694811161530   0.02495028337199
     5.80000000      -0.02232093546174   0.00869797122033   0.02395576889263
     6.00000000      -0.00424013397363   0.02031013224022   0.02074801695897
     6.20000000       0.01269436384734   0.01481326722359   0.01950845353497
     6.40000000       0.01917983631510  -0.00191095376367   0.01927479871129
     6.60000000       0.00862461609359  -0.01658024507030   0.01868926240794
     6.80000000      -0.00864651572210  -0.01544956569126   0.01770455631133
     7.00000000      -0.01653272145067  -0.00150281937634   0.01660088385127
     7.20000000      -0.01026688331284   0.01199460670302   0.01578858710966
     7.40000000       0.00382474613373   0.01478450421971   0.01527122287213
     7.60000000       0.01386156617028   0.00499467518297   0.01473396745200
     7.80000000       0.01149789563205  -0.00828519689760   0.01417201790845
     8.00000000      -0.00036471548335  -0.01358118794015   0.01358608417645
     8.20000000      -0.01076196007762  -0.00706132257936   0.01287175439799
     8.40000000      -0.01152841186978   0.00441271685075   0.01234408158772
     8.60000000      -0.00296851188953   0.01167574509350   0.01204720242739
     8.80000000       0.00767133105362   0.00878789944810   0.01166518310376
     9.00000000       0.01117927882331  -0.00116229418285   0.01123953748056
     9.20000000       0.00535374226858  -0.00949426756053   0.01089970975711
     9.40000000      -0.00451715487100  -0.00955205229928   0.01056628559413
     9.60000000      -0.01011550569380  -0.00180409898793   0.01027512669506
     9.80000000      -0.00712157789447   0.00704664059949   0.01001858350494
     10.0000000       0.00158669635478   0.00957694203410   0.00970749319066
     10.2000000       0.00844619158571   0.00419726030508   0.00943160359489
     10.4000000       0.00814914528777  -0.00430532114666   0.00921652641167
     10.6000000       0.00123282615000  -0.00889033833424   0.00897540951787
     10.8000000      -0.00632278166913  -0.00608657865128   0.00877633224723
     11.0000000      -0.00846995932780   0.00153183405064   0.00860736467063
     11.2000000      -0.00364874735307   0.00763083284076   0.00845830757836
     11.4000000       0.00404766370431   0.00721638346896   0.00827404204934
     11.6000000       0.00784555872897   0.00095714420452   0.00790372803163
     11.8000000       0.00556365991613  -0.00564472307415   0.00792573089666
     12.0000000      -0.00173573768214  -0.00771461119734   0.00790746553753
     12.2000000      -0.00639571069642  -0.00291375762984   0.00702816468487
     12.4000000      -0.00703566324276   0.00307173205357   0.00767698476451
     12.6000000      -0.00012914315492   0.00791211412371   0.00791316800409
     12.8000000       0.00414187702042   0.00365787113348   0.00552586341502
     13.0000000       0.00796515015256   0.00040170892740   0.00797527347588
     13.2000000       0.00141190807938  -0.00841949610874   0.00853706033420
     13.4000000      -0.00146605687749  -0.00253848495888   0.00293142092755
     13.6000000      -0.00818825648370  -0.00503801948715   0.00961400980839
     13.8000000      -0.00225207081137   0.01000933402505   0.01025956093429
     14.0000000      -0.00081720250590  -0.00110533780825   0.00137462416900
     14.2000000       0.00692061930403   0.01120391955300   0.01316900850108
     14.4000000       0.00391666547457  -0.01336500845509   0.01392708582024
     14.6000000       0.00057073354977   0.00728434126428   0.00730666575391
     14.8000000      -0.00202442199275  -0.01830154689069   0.01841317199715
     15.0000000      -0.00920230624969   0.01756484128528   0.01982942484517
     15.2000000       0.00542423829995  -0.01358520792147   0.01462806328275
     15.4000000      -0.00898017153263   0.02271337167529   0.02442418337663
     15.6000000       0.01992386465371  -0.01799356937083   0.02684639494313
     15.8000000      -0.01708593245000   0.01416088683286   0.02219143536545
     16.0000000       0.02336175510823  -0.01902672603237   0.03012951883532
     16.2000000      -0.03147292654196   0.01038454789127   0.03314187592792
     16.4000000       0.02784271084502  -0.00627327573431   0.02854068211585
     16.6000000      -0.03347569107798   0.00732632095414   0.03426801528935
     16.8000000       0.03699808929663   0.00273155344956   0.03709878698623
     17.0000000      -0.03212990176894  -0.00611653563439   0.03270691969367
     17.2000000       0.03582673953315   0.00793185193355   0.03669427122416
     17.4000000      -0.03455624308798  -0.01846695408234   0.03918114762784
     17.6000000       0.02731856002596   0.02180436014400   0.03495330947394
     17.8000000      -0.02595889754754  -0.02559153180002   0.03645258374594
     18.0000000       0.01741324963420   0.03379306213329   0.03801568506771
     18.2000000      -0.00545057456838  -0.03289540516005   0.03334391164469
     18.4000000      -0.00131990182904   0.03136842561000   0.03139618234895
     18.6000000       0.01264402507828  -0.02948776620479   0.03208425978464
     18.8000000      -0.02121562425969   0.01882829965233   0.02836560559069
     19.0000000       0.02207370251642  -0.00991114991284   0.02419667818892
     19.2000000      -0.02388300646946   0.00249766144519   0.02401325281413
     19.4000000       0.02089446725439   0.00735415496509   0.02215089969042
     19.6000000      -0.01385006142501  -0.01056103076609   0.01741722056813
     19.8000000       0.01113009355613   0.01087771258689   0.01556289220200
     20.0000000      -0.00771922237992  -0.01227279949603   0.01449855170768
     20.2000000       0.00536354329495   0.00985660780668   0.01122142210825
     20.4000000      -0.00760701620674  -0.00963385227270   0.01227508880545
     20.6000000       0.00719219094425   0.01285010902762   0.01472592654472
     20.8000000      -0.00542120453504  -0.01413504739177   0.01513899017036
     21.0000000       0.00375564239441   0.01684491950492   0.01725850986968
     21.2000000       0.00216358462848  -0.01836250201718   0.01848952619121
     21.4000000      -0.00733451947320   0.01473654549866   0.01646089150492
     21.6000000       0.00975629200393  -0.01069660912006   0.01447766142487
     21.8000000      -0.01176134997177   0.00510952002882   0.01282328148655
     22.0000000       0.00910882521174   0.00149144658168   0.00923011969825
     22.2000000      -0.00413551953788  -0.00354600811557   0.00544763209146
     22.4000000       0.00088055781546   0.00380529188278   0.00390584541163
     22.6000000       0.00296318171005  -0.00263938886076   0.00396822622907
     22.8000000      -0.00398454787660  -0.00153246907694   0.00426908459189
     23.0000000       0.00148750545776   0.00344232939977   0.00374997389103
     23.2000000       0.00007612927076  -0.00352571122982   0.00352653304847
     23.4000000      -0.00239957324557   0.00347295213745   0.00422129699380
     23.6000000       0.00410912958365  -0.00067588021505   0.00416434388594
     23.8000000      -0.00262485049789  -0.00156172586282   0.00305431298443
     24.0000000       0.00142436648285   0.00182910703614   0.00231828652826
     24.2000000      -0.00005201168367  -0.00227463513697   0.00227522970744
     24.4000000      -0.00164113404439   0.00077987514662   0.00181701023552
     24.6000000       0.00097305208982   0.00106934640670   0.00144579808654
     24.8000000      -0.00032116541861  -0.00148758011462   0.00152185473141
     25.0000000      -0.00041484087262   0.00251491010030   0.00254889500807
     25.2000000       0.00204590588304  -0.00225088092604   0.00304174223521
     25.4000000      -0.00191661163823   0.00143890497415   0.00239663257435
     25.6000000       0.00197889699855  -0.00210753241009   0.00289097322548
     25.8000000      -0.00266442932118   0.00193066726269   0.00329038898715
     26.0000000       0.00228083287249  -0.00220475237306   0.00317224394061
     26.2000000      -0.00317853821106   0.00323441269367   0.00453481318603
     26.4000000       0.00417682628161  -0.00276730807179   0.00501037640811
     26.6000000      -0.00424541246413   0.00288489596125   0.00513285025087
     26.8000000       0.00539577147086  -0.00286402402150   0.00610876283395
     27.0000000      -0.00552335395731   0.00170553110358   0.00578068121271
     27.2000000       0.00518891114092  -0.00183310351983   0.00550318701688
     27.4000000      -0.00601535129742   0.00135615666844   0.00616632890306
     27.6000000       0.00572079522330  -0.00013750930279   0.00572244762277
     27.8000000      -0.00559529897000  -0.00020233537304   0.00559895616761
     28.0000000       0.00590132337424   0.00165575053063   0.00612920283455
     28.2000000      -0.00491850026803  -0.00310065452133   0.00581426722359
     28.4000000       0.00452104766535   0.00394933099704   0.00600308981413
     28.6000000      -0.00376105942486  -0.00586707903059   0.00696908777019
     28.8000000       0.00197102774722   0.00670365477102   0.00698741280227
     29.0000000      -0.00142449054294  -0.00717804905909   0.00731802989893
     29.2000000       0.00011773131229   0.00854394120936   0.00854475231068
     29.4000000       0.00163484463674  -0.00836356405335   0.00852184960327
     29.6000000      -0.00219276423683   0.00833589144753   0.00861947221257
     29.8000000       0.00382400307012  -0.00842369411447   0.00925103356466
     30.0000000      -0.00480108730412   0.00688278361388   0.00839185018797
     30.2000000       0.00481662182154  -0.00628478719199   0.00791823186200
     30.4000000      -0.00601747730313   0.00517766500776   0.00793840336757
     30.6000000       0.00557918690132  -0.00285135467227   0.00626558456546
     30.8000000      -0.00450137000789   0.00239375302588   0.00509827279545
     31.0000000       0.00473810052387  -0.00140114065565   0.00494093024756
     31.2000000      -0.00326377526732  -0.00006893329440   0.00326450314668
     31.4000000       0.00208368122802  -0.00048006337649   0.00213826759445
     31.6000000      -0.00203351675733   0.00005102618193   0.00203415684586
     31.8000000       0.00044556618494   0.00005434604746   0.00044886826357
     32.0000000      -0.00018140179938   0.00135777828398   0.00136984250236
     32.2000000       0.00044155729646  -0.00119464545946   0.00127363676920
     32.4000000       0.00067099888441   0.00200167091078   0.00211114327746
     32.6000000       0.00021860796422  -0.00370668156121   0.00371312235703
     32.8000000      -0.00116177294940   0.00347163095272   0.00366086572518
     33.0000000       0.00106504040854  -0.00435923451528   0.00448745324556
     33.2000000      -0.00296544680186   0.00522843917536   0.00601086108183
     33.4000000       0.00403237705457  -0.00426862480981   0.00587207139578
     33.6000000      -0.00451133940213   0.00469423261595   0.00651060696509
     33.8000000       0.00658056361978  -0.00428988353760   0.00785537512282
     34.0000000      -0.00707750108819   0.00277414507292   0.00760176969783
     34.2000000       0.00760101478087  -0.00273569323704   0.00807833170811
     34.4000000      -0.00901417832049   0.00139144467394   0.00912093904564
     34.6000000       0.00853430776634   0.00017179377097   0.00853603667696
     34.8000000      -0.00860634545998  -0.00036380697026   0.00861403144225
     35.0000000       0.00892831629782   0.00191007098546   0.00913034517877
     35.2000000      -0.00762912421237  -0.00276966785705   0.00811631666990
     35.4000000       0.00746927943811   0.00282671924599   0.00798626802832
     35.6000000      -0.00664432987312  -0.00415888200739   0.00783858526867
     35.8000000       0.00489706480701   0.00385405741551   0.00623177360678
     36.0000000      -0.00474745250645  -0.00365240211433   0.00598985362974
     36.2000000       0.00327723902115   0.00425137851748   0.00536791532168
     36.4000000      -0.00204352195936  -0.00292223850723   0.00356587435161
     36.6000000       0.00229878763722   0.00271352527923   0.00355635263185
     36.8000000      -0.00091885008001  -0.00273134508763   0.00288175839675
     37.0000000       0.00070712609025   0.00107693874655   0.00128834171373
     37.2000000      -0.00152518620253  -0.00134440780700   0.00203313189535
     37.4000000       0.00053416914184   0.00123005771978   0.00134103641490
     37.6000000      -0.00147990556793  -0.00000768480886   0.00147992552052
     37.8000000       0.00242866942276   0.00135490042498   0.00278104123066
     38.0000000      -0.00154330488225  -0.00131729368682   0.00202905214741
     38.2000000       0.00311203360964   0.00105379961367   0.00328561209112
     38.4000000      -0.00324327586743  -0.00322365892483   0.00457283448376
     38.6000000       0.00223523182481   0.00295284687217   0.00370345324814
     38.8000000      -0.00365064333321  -0.00353541817528   0.00508196599953
     39.0000000       0.00252571436733   0.00563506909980   0.00617521148017
     39.2000000      -0.00130442129360  -0.00473646439483   0.00491280061418
     39.4000000       0.00211028220789   0.00538134267411   0.00578032351804
     39.6000000      -0.00005984725434  -0.00636346628785   0.00636374770795
     39.8000000      -0.00076157925857   0.00435707050202   0.00442312856772
     40.0000000       0.00001270618723  -0.00461136180609   0.00461137931143
     40.2000000      -0.00189493151165   0.00413357711184   0.00454722169828
     40.4000000       0.00118440295213  -0.00151679985970   0.00192444593777
     40.6000000       0.00017238299051   0.00191316460661   0.00192091507032
     40.8000000       0.00043017837723  -0.00083701251596   0.00094108628091
     41.0000000       0.00212306749375  -0.00053533187952   0.00218951953731
     41.2000000      -0.00360138425324  -0.00124237058022   0.00380965263483
     41.4000000       0.00389516444964   0.00111551985706   0.00405175155226
     41.6000000      -0.00647120151203  -0.00247135059220   0.00692705007625
     41.8000000       0.00608372554054   0.00571364814654   0.00834610637333
     42.0000000      -0.00555574692913  -0.00641787856096   0.00848855047483
     42.2000000       0.00615719630007   0.00954964867620   0.01136251979609
     42.4000000      -0.00283344103655  -0.01240589184991   0.01272535031735
     42.6000000       0.00123814790719   0.01229708213095   0.01235925722588
     42.8000000       0.00011761761583  -0.01546977404585   0.01547022116627
     43.0000000      -0.00528080066013   0.01619908673730   0.01703811218224
     43.2000000       0.00641755755375  -0.01487177728130   0.01619737029460
     43.4000000      -0.00904967047262   0.01794999729371   0.02010221227893
     43.6000000       0.01502613355102  -0.01638525287444   0.02223198599434
     43.8000000      -0.01546859284608   0.01452344294874   0.02121809981414
     44.0000000       0.02003460344108  -0.01689777517035   0.02620916138965
     44.2000000      -0.02636826968499   0.01198250517329   0.02896318484574
     44.4000000       0.02605516518082  -0.00878103523210   0.02749505796225
     44.6000000      -0.03178285861809   0.00830344747566   0.03284961707416
     44.8000000       0.03582683431310   0.00105504469336   0.03584236566137
     45.0000000      -0.03271077384602  -0.00543044611449   0.03315847509473
     45.2000000       0.03698553963815   0.00875837915803   0.03800841154009
     45.4000000      -0.03572369929413  -0.02026347712611   0.04107056362527
     45.6000000       0.02924334617852   0.02270166722271   0.03702079132606
     45.8000000      -0.03184870801611  -0.02677242703377   0.04160652655022
     46.0000000       0.02571222837198   0.03734114436294   0.04533739902318
     46.2000000      -0.01821641749400  -0.03629246992024   0.04060765000868
     46.4000000       0.01980084620095   0.04123774072878   0.04574521582294
     46.6000000      -0.00887571758998  -0.04960249046209   0.05039033064764
     46.8000000       0.00095980292753   0.04444792654213   0.04445828826613
     47.0000000      -0.00046923802112  -0.04879985616264   0.04880211210403
     47.2000000      -0.01460977364734   0.05119010997479   0.05323413233310
     47.4000000       0.02031612588425  -0.03926468794383   0.04420928285180
     47.6000000      -0.01988360257375   0.04042486296775   0.04505027410873
     47.8000000       0.03344644035926  -0.03519713465505   0.04855412094386
     48.0000000      -0.03120238433042   0.01867626223654   0.03636470210288
     48.2000000       0.02603109746361  -0.02002497515195   0.03284231515890
     48.4000000      -0.03483067341576   0.01205922526980   0.03685920135737
     48.6000000       0.02471415851652   0.00260054532116   0.02485060295339
     48.8000000      -0.01763968742680   0.00322466266794   0.01793201109293
     49.0000000       0.02450415011322   0.00452406892310   0.02491827787773
     49.2000000      -0.01051860439890  -0.01519380990463   0.01847952645277
     49.4000000       0.00511081716112   0.00523783042430   0.00731815001268
     49.6000000      -0.01163137207032  -0.01298846600394   0.01743528219944
     49.8000000      -0.00412265659327   0.01909976098130   0.01953963067534
     50.0000000       0.00583210464168  -0.00536890155265   0.00792707691608
     50.2000000       0.00168005117293   0.01287340892319   0.01298257406092
     50.4000000       0.01305424354316  -0.01428752155872   0.01935320507758
     50.6000000      -0.00863222807369  -0.00091909940336   0.00868101982658
     50.8000000      -0.00033013570124  -0.00873520116288   0.00874143746401
     51.0000000      -0.01287391349791   0.00788136281675   0.01509481793865
     51.2000000       0.00369014883011   0.00525049043913   0.00641754222734
     51.4000000       0.00343161865296   0.00789845660192   0.00861171430505
     51.6000000       0.01012756557910  -0.00483193869492   0.01122119495020
     51.8000000       0.00146077841910  -0.00571522043400   0.00589895060150
     52.0000000      -0.00452089339993  -0.00912769995496   0.01018594048683
     52.2000000      -0.00878114415468   0.00250569783430   0.00913164904615
     52.4000000      -0.00472123221641   0.00512092875270   0.00696519525437
     52.6000000       0.00336760051091   0.00991194581553   0.01046840021451
     52.8000000       0.00814263482967   0.00022017860314   0.00814561112419
     53.0000000       0.00649442177516  -0.00406170233488   0.00765995692226
     53.2000000      -0.00076219553279  -0.00948766824270   0.00951823464272
     53.4000000      -0.00709988927125  -0.00360993890330   0.00796492853387
     53.6000000      -0.00785235557042   0.00297771737290   0.00839799313867
     53.8000000      -0.00119546530450   0.00796538693873   0.00805459659933
     54.0000000       0.00414078919976   0.00598566332729   0.00727834463766
     54.2000000       0.00922328380674  -0.00006255446728   0.00922349593381
     54.4000000       0.00282543775646  -0.00753131750496   0.00804386983213
     54.6000000      -0.00158063217747  -0.00555475008228   0.00577526160075
     54.8000000      -0.00768319792150  -0.00407525676449   0.00869708272914
     55.0000000      -0.00597359746063   0.00652614075315   0.00884728092419
     55.2000000       0.00076505962933   0.00499787781052   0.00505609521719
     55.4000000       0.00413972854470   0.00612536295280   0.00739306592202
     55.6000000       0.00834744584854  -0.00336799474014   0.00900129106095
     55.8000000       0.00029464206939  -0.00491116006540   0.00491999056270
     56.0000000      -0.00091298983460  -0.00622595220530   0.00629253774726
     56.2000000      -0.00849427717319  -0.00043256509033   0.00850528407828
     56.4000000      -0.00204733072422   0.00432552163786   0.00478557212190
     56.6000000      -0.00115722769935   0.00555719360663   0.00567640526475
     56.8000000       0.00649522260890   0.00334461604484   0.00730577670248
     57.0000000       0.00431978721488  -0.00241630828344   0.00494965729142
     57.2000000       0.00199808262915  -0.00550618709202   0.00585751060479
     57.4000000      -0.00330071421070  -0.00379480822257   0.00502944169335
     57.6000000      -0.00598789098142  -0.00177396257315   0.00624514064024
     57.8000000      -0.00312048529863   0.00727274839017   0.00791393060657
     58.0000000       0.00134531176283   0.00155187571909   0.00205382131324
     58.2000000       0.00508524266916   0.00734053447057   0.00892990141703
     58.4000000       0.00610319632998  -0.00955591582154   0.01133863010379
     58.6000000      -0.00172878414904   0.00145474492961   0.00225941971404
     58.8000000      -0.00136143752263  -0.01228215510489   0.01235738022999
     59.0000000      -0.01078981625761   0.01064909685573   0.01515992739810
     59.2000000       0.00395196372781  -0.00370729540629   0.00541867664060
     59.4000000      -0.00447212546212   0.01540148221612   0.01603762951943
     59.6000000       0.01644333579632  -0.00957432360583   0.01902763686377
     59.8000000      -0.00754938065690   0.00432648681699   0.00870124338704
     60.0000000       0.01201431811170  -0.01534330332349   0.01948745228514
     60.2000000      -0.02206137790251   0.00483589366624   0.02258517793839
     60.4000000       0.01103936286715  -0.00188588861904   0.01119929053092
     60.6000000      -0.01866413165421   0.01083960332579   0.02158348467385
     60.8000000       0.02418627676126   0.00327352900186   0.02440680183265
     61.0000000      -0.01156945685465  -0.00194757259949   0.01173223639985
     61.2000000       0.02201909796336  -0.00462600409546   0.02249979086594
     61.4000000      -0.02211808835495  -0.01060936616992   0.02453096987493
     61.6000000       0.01069913416323   0.00376569166805   0.01134248233772
     61.8000000      -0.02433443688636  -0.00110179041721   0.02435936700121
     62.0000000       0.01916599833196   0.01628972255263   0.02515334079009
     62.2000000      -0.01114593534046  -0.00554929186363   0.01245096441251
     62.4000000       0.02566314269960   0.00913706905627   0.02724119902205
     62.6000000      -0.01392465159788  -0.02284951470733   0.02675810614530
     62.8000000       0.00901497618961   0.00941640507282   0.01303604542009
     63.0000000      -0.02064787879581  -0.01826034396946   0.02756401749835
     63.2000000       0.00259272673227   0.02656298161673   0.02668921550512
     63.4000000      -0.00174132585446  -0.01010006027919   0.01024906987851
     63.6000000       0.00983683728864   0.02130656811762   0.02346770574202
     63.8000000       0.01023967114768  -0.02174290039459   0.02403340555938
     64.0000000      -0.00449186607409   0.00429746526241   0.00621651578532
     64.2000000      -0.00124057083569  -0.01731034437291   0.01735474109018
     64.4000000      -0.01673460596167   0.01171653615113   0.02042851575796
     64.6000000       0.00476129293361   0.00250418426458   0.00537966999272
     64.8000000      -0.00231637251143   0.01251145586650   0.01272407597867
     65.0000000       0.01735858795715  -0.00309577790301   0.01763248186419
     65.2000000      -0.00224017429495  -0.00638392088822   0.00676556182285
     65.4000000       0.00381337576477  -0.00835208352410   0.00918145598023
     65.6000000      -0.01488447879976  -0.00425236280971   0.01547999672500
     65.8000000      -0.00213387197711   0.00929568427404   0.00953746065456
     66.0000000      -0.00167749314389   0.00408564037200   0.00441660961566
     66.2000000       0.00773209543540   0.00899048604058   0.01185808327969
     66.4000000       0.00941783344003  -0.00823796586581   0.01251238060124
     66.6000000      -0.00291140327880  -0.00481821881365   0.00562952054691
     66.8000000      -0.00083898915790  -0.00652902589635   0.00658271083690
     67.0000000      -0.01253024231569   0.00118807312555   0.01258644072968
     67.2000000       0.00176557184577   0.00928385816586   0.00945025218639
     67.4000000       0.00125922698598   0.00255358625494   0.00284718376007
     67.6000000       0.00828537701998   0.00341073632521   0.00895994389734
     67.8000000       0.00395019777977  -0.00864047336687   0.00950062326918
     68.0000000      -0.00350331550525  -0.00422213875536   0.00548631708880
     68.2000000      -0.00488258417276  -0.00239794988533   0.00543964997557
     68.4000000      -0.00608807487560   0.00412040440380   0.00735135281032
     68.6000000       0.00160322448131   0.00687704488321   0.00706144992641
     68.8000000       0.00475348655044   0.00184506363596   0.00509900913962
     69.0000000       0.00532312292093  -0.00104773110765   0.00542525373649
     69.2000000       0.00180117446276  -0.00713729669019   0.00736106198107
     69.4000000      -0.00508695604430  -0.00266159885326   0.00574118718144
     69.6000000      -0.00321147835011  -0.00080630853130   0.00331115186014
     69.8000000      -0.00599101984451   0.00522280513678   0.00794795648416
     70.0000000       0.00586718120741   0.00516823029546   0.00781885028041
     70.2000000       0.00034270330849  -0.00034710616626   0.00048777889284
     70.4000000       0.00832178372512   0.00057473628171   0.00834160692919
     70.6000000      -0.00340161045818  -0.00971131436281   0.01028982897635
     70.8000000      -0.00124248503438   0.00315117877969   0.00338728457060
     71.0000000      -0.00498185814387  -0.00577798978703   0.00762915962244
     71.2000000      -0.00294419714491   0.01036710400702   0.01077706557095
     71.4000000       0.00406420600639  -0.00215979642398   0.00460244403067
     71.6000000       0.00049821601100   0.00596882805489   0.00598958492239
     71.8000000       0.00699751360272  -0.00613261899691   0.00930452644585
     72.0000000      -0.00393704857117  -0.00093050060306   0.00404551391347
     72.2000000       0.00133824679579  -0.00406453773133   0.00427917882962
     72.4000000      -0.00690169742039   0.00136229708491   0.00703486180605
     72.6000000       0.00131107308870   0.00262482365227   0.00293404360047
     72.8000000      -0.00109885822264   0.00261337333697   0.00283499728251
     73.0000000       0.00402304119731   0.00136978844900   0.00424984480543
     73.2000000       0.00192316426231  -0.00152893599004   0.00245686915432
     73.4000000       0.00044920748820  -0.00297875144002   0.00301243215839
     73.6000000      -0.00144376517493  -0.00108328872541   0.00180498541350
     73.8000000      -0.00250771628680  -0.00127973650743   0.00281538034793
     74.0000000      -0.00173080986553   0.00308968811526   0.00354145103598
     74.2000000       0.00066383239504   0.00116940830383   0.00134468926886
     74.4000000       0.00164195486073   0.00181311071090   0.00244609611722
     74.6000000       0.00182682609909  -0.00084968542284   0.00201476026219
     74.8000000       0.00173053209565  -0.00194833027346   0.00260590333446
     75.0000000      -0.00259228390197  -0.00189836222389   0.00321305383732
     75.2000000       0.00032605134999  -0.00013702359832   0.00035367350668
     75.4000000      -0.00450357975309   0.00055448636817   0.00453758589175
     75.6000000       0.00334490046538   0.00304007593238   0.00452000230066
     75.8000000      -0.00253617773619   0.00001833478346   0.00253624400913
     76.0000000       0.00694590037693   0.00142580173272   0.00709072934382
     76.2000000      -0.00495821975351  -0.00447207938273   0.00667708298058
     76.4000000       0.00598944143016   0.00219805793564   0.00638003662480
     76.6000000      -0.00926347456691  -0.00658562757861   0.01136584583988
     76.8000000       0.00521129195425   0.00952923226615   0.01086111556953
     77.0000000      -0.00572452764279  -0.00804597357842   0.00987460923570
     77.2000000       0.00555870508316   0.01292893287945   0.01407325504647
     77.4000000       0.00061163545419  -0.01260950975585   0.01262433500077
     77.6000000       0.00039649026357   0.00948615280654   0.00949443519111
     77.8000000       0.00090868268266  -0.01270401906786   0.01273647536387
     78.0000000      -0.00557381474093   0.00905978897798   0.01063706665823
     78.2000000       0.00184143655941  -0.00639325168049   0.00665316132770
     78.4000000      -0.00359252678712   0.01004469117419   0.01066780528043
     78.6000000       0.00693871016694  -0.00548555313047   0.00884516771621
     78.8000000      -0.00256876415606   0.00495857130154   0.00558444076358
     79.0000000       0.00661966442703  -0.00840883676087   0.01070179857769
     79.2000000      -0.00906776760931   0.00218280373361   0.00932679160032
     79.4000000       0.00457493097869  -0.00279243334538   0.00535982065448
     79.6000000      -0.00978556236719   0.00442431425163   0.01073926382204
     79.8000000       0.00937395501833   0.00296111954554   0.00983052702803
     80.0000000      -0.00433908421824  -0.00032196443768   0.00435101286508
     80.2000000       0.00974766846023  -0.00010434388233   0.00974822691859
     80.4000000      -0.00651626055953  -0.00638249231614   0.00912128608505
     80.6000000       0.00262598889947   0.00128876819290   0.00292519078954
     80.8000000      -0.00844777771301  -0.00239396284474   0.00878043315505
     81.0000000       0.00337681604275   0.00747780898232   0.00820490790702
     81.2000000      -0.00158891930954  -0.00136256777634   0.00209314488685
     81.4000000       0.00667128075704   0.00458028424611   0.00809227969823
     81.6000000       0.00001872239295  -0.00766601839123   0.00766604125365
     81.8000000       0.00009907066217   0.00131510457616   0.00131883093773
     82.0000000      -0.00337326109929  -0.00554588388328   0.00649120316204
     82.2000000      -0.00358679468781   0.00543852920625   0.00651480591113
     82.4000000       0.00089746663488   0.00068117820907   0.00112669876774
     82.6000000       0.00125481724133   0.00378863076918   0.00399102611045
     82.8000000       0.00379441705237  -0.00140327614649   0.00404558830217
     83.0000000       0.00139371642657  -0.00234111768810   0.00272456923333
     83.2000000      -0.00211911344566  -0.00302568727274   0.00369397147634
     83.4000000      -0.00126414085146   0.00015761711412   0.00127392905886
     83.6000000      -0.00405266267033   0.00047598540494   0.00408051918574
     83.8000000       0.00231956423729   0.00456519537546   0.00512068228530
     84.0000000      -0.00023620540998  -0.00101157583365   0.00103878711145
     84.2000000       0.00486356677380   0.00237013361613   0.00541034334599
     84.4000000      -0.00178627301686  -0.00608725337295   0.00634392819294
     84.6000000       0.00154122140312   0.00281974562039   0.00321346056100
     84.8000000      -0.00481210665798  -0.00641110117941   0.00801614550893
     85.0000000       0.00019464127498   0.00911328445618   0.00911536279065
     85.2000000      -0.00019112810340  -0.00656064200240   0.00656342543460
     85.4000000       0.00045813557126   0.01069719797807   0.01070700391257
     85.6000000       0.00568106229276  -0.01043548371308   0.01188165767475
     85.8000000      -0.00519974809043   0.00681016442249   0.00856829736092
     86.0000000       0.00632289121394  -0.00925346175958   0.01120738630723
     86.2000000      -0.01105573791319   0.00559288548701   0.01238990350551
     86.4000000       0.00814956292585  -0.00185750145649   0.00835856970679
     86.6000000      -0.00906775120572   0.00369339298849   0.00979108082370
     86.8000000       0.01135512587987   0.00121101325076   0.01141951999172
     87.0000000      -0.00670494772522  -0.00319994177496   0.00742939777916
     87.2000000       0.00803029416571   0.00139572245535   0.00815068497491
     87.4000000      -0.00815596425693  -0.00673267394561   0.01057585227857
     87.6000000       0.00253626436134   0.00663791561185   0.00710595247526
     87.8000000      -0.00407303405189  -0.00490805133819   0.00637797572323
     88.0000000       0.00181887304998   0.00941493048747   0.00958901534339
     88.2000000       0.00377393157408  -0.00614466880178   0.00721106886733
     88.4000000      -0.00123931692692   0.00376283686571   0.00396167233921
     88.6000000       0.00410505763097  -0.00624729099692   0.00747530219816
     88.8000000      -0.00685462546882   0.00040015868387   0.00686629574735
     89.0000000       0.00179929503147   0.00083894755458   0.00198526965665
     89.2000000      -0.00397170611108   0.00143803913971   0.00422402722530
     89.4000000       0.00353562491241   0.00367044544697   0.00509635294112
     89.6000000       0.00186477474095  -0.00124852844901   0.00224414975492
     89.8000000       0.00170824444439  -0.00163719229049   0.00236611446845
     90.0000000      -0.00063237270107  -0.00205620362985   0.00215124814944
     90.2000000      -0.00217851855076  -0.00241740188801   0.00325419344295
     90.4000000      -0.00323275395111   0.00340935535223   0.00469834034806
     90.6000000       0.00144229535760   0.00018020539550   0.00145350950569
     90.8000000      -0.00069241753566   0.00440057731168   0.00445471915162
     91.0000000       0.00587689475205  -0.00306738865511   0.00662923563378
     91.2000000      -0.00306838602665   0.00065126117557   0.00313673937830
     91.4000000       0.00466662771169  -0.00506010898828   0.00688346694426
     91.6000000      -0.00945834054309   0.00158122233132   0.00958960217580
     91.8000000       0.00674816572218   0.00030597396205   0.00675509886527
     92.0000000      -0.01010438729447   0.00148118514646   0.01021237249785
     92.2000000       0.01226343880800   0.00508045719051   0.01327414692785
     92.4000000      -0.00758186323114  -0.00686883724915   0.01023061949302
     92.6000000       0.00911768575599   0.00691071610806   0.01144072509377
     92.8000000      -0.00644415368010  -0.01268206083488   0.01422539221506
     93.0000000       0.00042342896035   0.01075543773984   0.01076376946334
     93.2000000      -0.00166394644793  -0.00946176050342   0.00960695735421
     93.4000000      -0.00197659342944   0.01206701463889   0.01222782743910
     93.6000000       0.00528530236098  -0.00751345900972   0.00918621180562
     93.8000000      -0.00261430605084   0.00692592119459   0.00740290351964
     94.0000000       0.00617530736035  -0.00841631193344   0.01043880872302
     94.2000000      -0.00757822905608   0.00355465364732   0.00837049091623
     94.4000000       0.00524137568919  -0.00351195237789   0.00630918605050
     94.6000000      -0.00844888795721   0.00273027409624   0.00887908240496
     94.8000000       0.00692380816722   0.00275621255797   0.00745223638925
     95.0000000      -0.00296149018168  -0.00217605474913   0.00367500181869
     95.2000000       0.00345006280855   0.00258820612723   0.00431297395540
     95.4000000       0.00050686194553  -0.00434217155073   0.00437165447031
     95.6000000      -0.00303317568963  -0.00010041998698   0.00303483754721
     95.8000000       0.00044268338794   0.00166276967889   0.00172068927672
     96.0000000      -0.00090482576939  -0.00161499585048   0.00185119455217
     96.2000000      -0.00118406830427   0.00403397283711   0.00420415920247
     96.4000000       0.00479618550856  -0.00117922040524   0.00493902381010
     96.6000000      -0.00311164860134  -0.00206779050541   0.00373605602106
     96.8000000       0.00228951216278   0.00257703227753   0.00344716714172
     97.0000000      -0.00053568828412  -0.00521111280811   0.00523857410338
     97.2000000      -0.00421352219066   0.00419398542151   0.00594502169609
     97.4000000       0.00495757025156  -0.00038608205967   0.00497258103563
     97.6000000      -0.00457499152989  -0.00125811294290   0.00474482830834
     97.8000000       0.00375634090558   0.00433047600666   0.00573263634318
     98.0000000       0.00058996436446  -0.00522578941933   0.00525898592949
     98.2000000      -0.00272774180578   0.00228405340912   0.00355773457901
     98.4000000       0.00295885406108  -0.00019109455268   0.00296501846248
     98.6000000      -0.00249957114616  -0.00331134402866   0.00414883781207
     98.8000000      -0.00205849707606   0.00565485489178   0.00601787288494
     99.0000000       0.00614197884439  -0.00385449337282   0.00725127735548
     99.2000000      -0.00896976464828   0.00180758362174   0.00915008395563
     99.4000000       0.01181882475699   0.00284951624423   0.01215748170727
     99.6000000      -0.01004501535357  -0.00842371268376   0.01310958690547
     99.8000000       0.00730515951320   0.01052334802325   0.01281039457362
     100.000000      -0.00494350924771  -0.01322737384944   0.01412096677409
     100.200000      -0.00006746460942   0.01364773742518   0.01364790417245
     100.400000       0.00181189111200  -0.01100586089475   0.01115400929874
     100.600000      -0.00238943827988   0.01137339707528   0.01162168560603
     100.800000       0.00506609725946  -0.01011127260543   0.01130942859493
     101.000000      -0.00423243559596   0.00838594604847   0.00939348722264
     101.200000       0.00518011371654  -0.01040173639983   0.01162022797745
     101.400000      -0.00864238406300   0.00881636159307   0.01234581038377
     101.600000       0.00830087547815  -0.00703705123720   0.01088230783514
     101.800000      -0.01061807028098   0.00751341645113   0.01300749181280
     102.000000       0.01292471065746  -0.00317984670931   0.01331013037779
     102.200000      -0.01051933454481   0.00082112540403   0.01055133385856
     102.400000       0.01150804141477  -0.00049728766447   0.01151878084805
     102.600000      -0.01088224258500  -0.00388113091824   0.01155363063645
     102.800000       0.00708861986221   0.00409873468030   0.00818829393283
     103.000000      -0.00806470666369  -0.00389183864591   0.00895465809605
     103.200000       0.00610051140630   0.00739276503339   0.00958484294380
     103.400000      -0.00277370928232  -0.00591593028059   0.00653388814318
     103.600000       0.00412275068345   0.00618901393787   0.00743646197603
     103.800000      -0.00094738971302  -0.00890542287242   0.00895567439141
     104.000000      -0.00166539927130   0.00614026007342   0.00636210252213
     104.200000       0.00047574990800  -0.00672627710093   0.00674308101786
     104.400000      -0.00445375001124   0.00762897210906   0.00883386125109
     104.600000       0.00537369199114  -0.00340533317678   0.00636182832687
     104.800000      -0.00360416219811   0.00405795810580   0.00542743117310
     105.000000       0.00671624077085  -0.00338821121208   0.00752249063207
     105.200000      -0.00499830729256  -0.00057628682231   0.00503141951068
     105.400000       0.00290208320829  -0.00152274571491   0.00327732230031
     105.600000      -0.00550948893580   0.00055322131694   0.00553719443033
     105.800000       0.00259019562444   0.00205524961574   0.00330653358608
     106.000000      -0.00159910810278   0.00094425633902   0.00185708555488
     106.200000       0.00378978102758   0.00098903478337   0.00391671163601
     106.400000       0.00035740998586  -0.00245546527647   0.00248134069043
     106.600000      -0.00088688249855  -0.00134549759671   0.00161149754855
     106.800000      -0.00025472909643  -0.00009074232634   0.00027040910184
     107.000000      -0.00387234119442  -0.00153072628462   0.00416391033578
     107.200000       0.00156505061571   0.00708297106815   0.00725381710425
     107.400000       0.00181234261528  -0.00609023741131   0.00635417795481
     107.600000      -0.00147344902507   0.00826041194141   0.00839079599748
     107.800000       0.00824238954490  -0.01054500941837   0.01338410284790
     108.000000      -0.01249814390992   0.00472555911987   0.01336168066481
     108.200000       0.01180635699412  -0.00302165869270   0.01218689815859
     108.400000      -0.01624177808324   0.00063799544555   0.01625430384525
     108.600000       0.01501492132121   0.00679231384660   0.01647978730666
     108.800000      -0.01080947441814  -0.00639203269405   0.01255797830697
     109.000000       0.01348327569984   0.00693971044362   0.01516437617046
     109.200000      -0.01108260265322  -0.01126891448722   0.01580545840175
     109.400000       0.00906351331938   0.00838395488810   0.01234657739037
     109.600000      -0.01352927175581  -0.01013608232613   0.01690506903756
     109.800000       0.01059936496660   0.01545541548680   0.01874076854254
     110.000000      -0.00827994957189  -0.01373591670157   0.01603848410996
     110.200000       0.00968732569588   0.01731732289887   0.01984273044522
     110.400000      -0.00226220743820  -0.02054332645334   0.02066750696774
     110.600000      -0.00184300502716   0.01506952617694   0.01518180775558
     110.800000       0.00187998741213  -0.01473435640206   0.01485380797145
     111.000000      -0.00820073767895   0.01174801134561   0.01432717240266
     111.200000       0.00689603508728  -0.00270398992621   0.00740721684886
     111.400000      -0.00233961722396   0.00229266231574   0.00327568454658
     111.600000       0.00395918286727   0.00004816037371   0.00395947577314
     111.800000       0.00157944812483  -0.00465963028585   0.00492004174574
     112.000000      -0.00567823629171  -0.00006477543100   0.00567860574797
     112.200000       0.00278271969987   0.00030250147545   0.00279911344370
     112.400000      -0.00658596701101   0.00102531880224   0.00666530120222
     112.600000       0.00653160827961   0.00477668403460   0.00809188587937
     112.800000      -0.00174826511343  -0.00353970945435   0.00394790753794
     113.000000       0.00443279628918   0.00224625360869   0.00496944043288
     113.200000      -0.00242237484509  -0.00643911135835   0.00687968422062
     113.400000      -0.00134805179722   0.00325179198796   0.00352014130127
     113.600000      -0.00197753645947  -0.00254967111149   0.00322668145705
     113.800000      -0.00042526185556   0.00606364479300   0.00607853895451
     114.000000       0.00291493484157  -0.00280867569600   0.00404790122111
     114.200000      -0.00022488488866   0.00325195577840   0.00325972231913
     114.400000       0.00350614612473  -0.00543761308614   0.00646998429075
     114.600000      -0.00493974766911   0.00159915166324   0.00519214725104
     114.800000       0.00262357331871  -0.00195573512241   0.00327231368112
     115.000000      -0.00517343930980   0.00246502139300   0.00573068972814
     115.200000       0.00475479661821   0.00097056859797   0.00485284393772
     115.400000      -0.00259398587284  -0.00008881290282   0.00259550581587
     115.600000       0.00423483521202   0.00010220965555   0.00423606847049
     115.800000      -0.00309832874935  -0.00222482493178   0.00381437898171
     116.000000       0.00186284550850   0.00121765550419   0.00222550630541
     116.200000      -0.00272505554782  -0.00171838743531   0.00322161188173
     116.400000       0.00139623806771   0.00278730751794   0.00311746113709
     116.600000      -0.00061167357328  -0.00214052275097   0.00222620354138
     116.800000       0.00021686470725   0.00240229574051   0.00241206449460
     117.000000       0.00093559900295  -0.00180432331130   0.00203246847603
     117.200000      -0.00104504949629   0.00084158380785   0.00134178677715
     117.400000       0.00131859350994   0.00010291212407   0.00132260339850
     117.600000      -0.00027862927522  -0.00164840720289   0.00167178963376
     117.800000      -0.00123383739751   0.00138520683656   0.00185503442112
     118.000000       0.00168132659294  -0.00163738610670   0.00234688993661
     118.200000      -0.00404336001723   0.00153094436848   0.00432348827781
     118.400000       0.00480204185344   0.00115324390540   0.00493858051139
     118.600000      -0.00400319734501  -0.00155653150377   0.00429515765780
     118.800000       0.00568400362235   0.00280618186034   0.00633897103734
     119.000000      -0.00424179757442  -0.00614861731938   0.00746982875323
     119.200000       0.00216506169561   0.00560476715214   0.00600840303039
     119.400000      -0.00311642784855  -0.00693950141276   0.00760715468443
     119.600000      -0.00012542579967   0.00958981626624   0.00959063645706
     119.800000       0.00261942437731  -0.00758156305203   0.00802131425518
     120.000000      -0.00227935292862   0.00859205062714   0.00888925102315
     120.200000       0.00681684123385  -0.00947531800392   0.01167265932351
     120.400000      -0.00866831928469   0.00529430889165   0.01015723711752
     120.600000       0.00772471023575  -0.00523962852139   0.00933406959843
     120.800000      -0.01129911657719   0.00407035234055   0.01200990439600
     121.000000       0.01033971595712   0.00093672257080   0.01038206026030
     121.200000      -0.00772744279594  -0.00022530002731   0.00773072650317
     121.400000       0.00974937436016   0.00139615314507   0.00984883465284
     121.600000      -0.00655987649381  -0.00490341635045   0.00818996163116
     121.800000       0.00377271296197   0.00206858298063   0.00430260370487
     122.000000      -0.00562851488241  -0.00249777229419   0.00615784428312
     122.200000       0.00198238674734   0.00417091013830   0.00461804597181
     122.400000      -0.00055662152392   0.00003617579040   0.00055779584858
     122.600000       0.00289060032406   0.00043559329795   0.00292323652048
     122.800000       0.00045804204584  -0.00079773190777   0.00091987972715
     123.000000       0.00007900345625  -0.00383093147373   0.00383174601226
     123.200000      -0.00308689110308   0.00257853815758   0.00402215809142
     123.400000       0.00053121082104  -0.00267436747324   0.00272661444255
     123.600000      -0.00294845611890   0.00622751491846   0.00689023479605
     123.800000       0.00574773580569  -0.00319315830644   0.00657515983547
     124.000000      -0.00318035073875   0.00310340346894   0.00444361833560
     124.200000       0.00616632338267  -0.00507566943752   0.00798661156553
     124.400000      -0.00738200522359   0.00083059026310   0.00742858541758
     124.600000       0.00431072665222  -0.00135947351994   0.00452001465944
     124.800000      -0.00737320491683   0.00230035113116   0.00772371452555
     125.000000       0.00678638681552   0.00220346387279   0.00713514534180
     125.200000      -0.00351721577739  -0.00061237936116   0.00357012819191
     125.400000       0.00635757076906   0.00045342817901   0.00637371973004
     125.600000      -0.00394610082009  -0.00426366838760   0.00580952492049
     125.800000       0.00107289826671   0.00113199899045   0.00155965778461
     126.000000      -0.00389622328345  -0.00142091151717   0.00414723346511
     126.200000       0.00034867998290   0.00393538191758   0.00395079847217
     126.400000       0.00127174650373   0.00054762660184   0.00138464221544
     126.600000       0.00183375244619   0.00027569223782   0.00185436087208
     126.800000       0.00191910706895  -0.00149795081624   0.00243450787429
     127.000000      -0.00154792155192  -0.00329763692714   0.00364286568983
     127.200000      -0.00168898812380   0.00114421477195   0.00204007556887
     127.400000      -0.00217277587355  -0.00064864546408   0.00226753080128
     127.600000       0.00025280786172   0.00489991704759   0.00490643443737
     127.800000       0.00242463699353  -0.00151076626676   0.00285679527849
     128.000000       0.00134994730633   0.00180892027831   0.00225711105246
     128.200000       0.00191747272258  -0.00506951418087   0.00542002543093
     128.400000      -0.00382236864605   0.00059260364637   0.00386803324029
     128.600000       0.00042878157430  -0.00130754558943   0.00137605563365
     128.800000      -0.00441443348982   0.00285941828568   0.00525960986847
     129.000000       0.00472298383843   0.00266622324279   0.00542358946810
     129.200000      -0.00090503060051  -0.00171460085702   0.00193879769103
     129.400000       0.00392038143449   0.00140379391033   0.00416413591692
     129.600000      -0.00163017878685  -0.00621254027622   0.00642286069916
     129.800000      -0.00268487510101   0.00337687294551   0.00431414246382
     130.000000       0.00028883738302  -0.00238120737581   0.00239866121001
     130.200000      -0.00325821351833   0.00482950604547   0.00582581187255
     130.400000       0.00571880938678  -0.00032389768403   0.00572797438123
     130.600000      -0.00242588791086  -0.00029205323383   0.00244340484722
     130.800000       0.00496451900258  -0.00148859851847   0.00518289248163
     131.000000      -0.00594845266338  -0.00247592500411   0.00644315867525
     131.200000       0.00333514495716   0.00186250039125   0.00381996067946
     131.400000      -0.00656102281386  -0.00104601259577   0.00664388159997
     131.600000       0.00690288956670   0.00535015325203   0.00873350011108
     131.800000      -0.00474379370359  -0.00526819612154   0.00708925024790
     132.000000       0.00682074818897   0.00640378515003   0.00935580408651
     132.200000      -0.00465744725887  -0.01056421215404   0.01154531911230
     132.400000       0.00148193003051   0.00974015457886   0.00985224481199
     132.600000      -0.00179895318989  -0.01048663556768   0.01063981945847
     132.800000      -0.00161639173538   0.01231334788673   0.01241898781792
     133.000000       0.00394461057034  -0.00995504112739   0.01070807155373
     133.200000      -0.00367166399159   0.01019903754027   0.01083981010973
     133.400000       0.00670816617559  -0.01051451717482   0.01247215157296
     133.600000      -0.00785365657843   0.00804775873093   0.01124483624795
     133.800000       0.00813958517784  -0.00827904381900   0.01161014269612
     134.000000      -0.01105988628619   0.00703233903289   0.01310629150206
     134.200000       0.01129274779410  -0.00400738476312   0.01198270776498
     134.400000      -0.01154589720441   0.00325288342986   0.01199537381090
     134.600000       0.01287705135071  -0.00039131824090   0.01288299582607
     134.800000      -0.01118863437557  -0.00244913709715   0.01145355017935
     135.000000       0.01049226666102   0.00329580192439   0.01099772567446
     135.200000      -0.00969612573245  -0.00604553548444   0.01142643223028
     135.400000       0.00674558855655   0.00708969854519   0.00978605080898
     135.600000      -0.00588672495611  -0.00709410698797   0.00921845348557
     135.800000       0.00395861085851   0.00875004894126   0.00960385112356
     136.000000      -0.00115978546477  -0.00775600691952   0.00784224111207
     136.200000       0.00087641910784   0.00709442900080   0.00714835878366
     136.400000       0.00129419552529  -0.00740447407814   0.00751672657687
     136.600000      -0.00267083203377   0.00483236549195   0.00552133136122
     136.800000       0.00178382863420  -0.00426318618325   0.00462134190785
     137.000000      -0.00344018531022   0.00382370527157   0.00514350045907
     137.200000       0.00288941763809  -0.00110971958391   0.00309519172947
     137.400000      -0.00141359331732   0.00182187087353   0.00230596174005
     137.600000       0.00299609239933  -0.00126543291448   0.00325236684991
     137.800000      -0.00128521915024  -0.00071132029452   0.00146893322705
     138.000000       0.00042929110808  -0.00124024350794   0.00131243849931
     138.200000      -0.00224945349814   0.00015596186333   0.00225485368552
     138.400000      -0.00018610149031   0.00101510592374   0.00103202412816
     138.600000      -0.00005980530955   0.00158329071796   0.00158441982209
     138.800000       0.00177294492601   0.00031159661071   0.00180011837346
     139.000000       0.00112424146523  -0.00039677711241   0.00119220423966
     139.200000       0.00061127574182  -0.00233958543982   0.00241812283864
     139.400000      -0.00199068692675  -0.00065430011168   0.00209545772482
     139.600000      -0.00110283331308  -0.00008478040333   0.00110608726294
     139.800000      -0.00177841952621   0.00196679246902   0.00265161245800
     140.000000       0.00165931482110   0.00228977294202   0.00282778814651
     140.200000       0.00235176774731  -0.00038478782226   0.00238303864960
     140.400000       0.00060797556960  -0.00117739188233   0.00132509846344
     140.600000       0.00159454665312  -0.00243330435564   0.00290921795611
     140.800000      -0.00526246456274  -0.00241857775235   0.00579163635066
     141.000000       0.00042977823705   0.00426925097783   0.00429082896941
     141.200000      -0.00247052178519  -0.00121665929179   0.00275385869706
     141.400000       0.00341313271673   0.00702441717815   0.00780973185421
     141.600000       0.00370635425119  -0.00575414108765   0.00684450155175
     141.800000      -0.00030898180914   0.00034954989687   0.00046653498131
     142.000000      -0.00083995193442  -0.00512274712549   0.00519115183402
     142.200000      -0.00441729553084   0.00096649453735   0.00452179295164
     142.400000      -0.00335148168238   0.00360036313312   0.00491884581561
     142.600000       0.00498980838459   0.00435830725569   0.00662518149562
     142.800000       0.00049479352252  -0.00113654588849   0.00123957943939
     143.000000       0.00712248015101  -0.00036419583393   0.00713178533798
     143.200000      -0.00389222979990  -0.00934243020944   0.01012079320180
     143.400000      -0.00482384532531   0.00248851425081   0.00542790815130
     143.600000      -0.00305109196565   0.00125512607354   0.00329916711358
     143.800000      -0.00123338854119   0.00586277149731   0.00599110481658
     144.000000       0.00668134286230   0.00546989373065   0.00863481788274
     144.200000       0.00708837249058  -0.00751411307033   0.01032990415245
     144.400000      -0.00387988173873  -0.00340279442257   0.00516066780454
     144.600000       0.00009040139492  -0.00543931428142   0.00544006546507
     144.800000      -0.01342220444681   0.00056115749178   0.01343392980265
     145.000000       0.00274496901849   0.01360082617866   0.01387506135679
     145.200000       0.00530075299009  -0.00187249692491   0.00562176369085
     145.400000       0.00515914273799   0.00589713825932   0.00783536811136
     145.600000       0.01008746243403  -0.01449576398968   0.01766023986254
     145.800000      -0.01438906345214  -0.00485079452881   0.01518470791917
     146.000000      -0.00115950282052   0.00101874896842   0.00154346890200
# ------------------------------- continuation -------------------------------
     146.200000      -0.01220092980277   0.00596265049302   0.01357998118386
     146.400000       0.00957612190683   0.01329990616688   0.01638870387866
     146.600000       0.00783732663813  -0.00232865452162   0.00817595992614
     146.800000       0.00920612418204  -0.00577267115111   0.01086629903297
     147.000000      -0.00514966977303  -0.01311985172911   0.01409431119867
     147.200000      -0.00887651043788  -0.00140790299733   0.00898747063437
     147.400000      -0.01211781574089   0.00481226432681   0.01303837974141
     147.600000       0.00391901041371   0.01634869810353   0.01681185808598
     147.800000       0.00929973094822   0.00043419733200   0.00930986160114
     148.000000       0.01150619552810   0.00003753309831   0.01150625674424
     148.200000       0.00232525427973  -0.01904145565485   0.01918290491352
     148.400000      -0.01277728992995  -0.00255980950649   0.01303118423873
     148.600000      -0.00917061785234  -0.00045948773827   0.00918212180138
     148.800000      -0.00715342842400   0.01618381856184   0.01769427934276
     149.000000       0.01203358049648   0.00749998350852   0.01417945034877
     149.200000       0.01016558458583   0.00054135695973   0.01017998906333
     149.400000       0.00899818487795  -0.01383068820144   0.01650015961205
     149.600000      -0.00957271425691  -0.00996038044483   0.01381470364685
     149.800000      -0.01010647641205  -0.00246763800586   0.01040336978076
     150.000000      -0.01179045191144   0.01150720415365   0.01647514806336
     150.200000       0.00798134684760   0.01229806800362   0.01466098134926
     150.400000       0.00886215995256   0.00297299994834   0.00934754554509
     150.600000       0.01346522318894  -0.00716710167330   0.01525383826856
     150.800000      -0.00460806704608  -0.01490231914570   0.01559850626892
     151.000000      -0.00906744291559  -0.00340391795739   0.00968530735125
     151.200000      -0.01296717850858   0.00371576643979   0.01348905625714
     151.400000       0.00055008946706   0.01514031444480   0.01515030428437
     151.600000       0.00847485710436   0.00495530444476   0.00981724223393
     151.800000       0.01271290815869  -0.00069996625776   0.01273216346947
     152.000000       0.00278491672843  -0.01517798569694   0.01543136452167
     152.200000      -0.00794480458167  -0.00517456202852   0.00948135074912
     152.400000      -0.01022620893026  -0.00291633856691   0.01063392588474
     152.600000      -0.00842094987220   0.01388539576806   0.01623935381676
     152.800000       0.00935487907487   0.00773943019620   0.01214135668973
     153.000000       0.00677430957731   0.00215717475733   0.00710947770114
     153.200000       0.01151029054149  -0.00772087021428   0.01385996483456
     153.400000      -0.00599498889741  -0.01262445448915   0.01397557666176
     153.600000      -0.00849121550078  -0.00132191051572   0.00859349684891
     153.800000      -0.00939294902672   0.00444253648121   0.01039055445130
     154.000000       0.00051423675033   0.01174692502169   0.01175817532190
     154.200000       0.00850169818089   0.00523798198369   0.00998575621675
     154.400000       0.01022782322398  -0.00380365217302   0.01091220132486
     154.600000       0.00113136245191  -0.01022873682412   0.01029111451762
     154.800000      -0.00589708100592  -0.00667553659404   0.00890720793564
     155.000000      -0.01010054569432   0.00061603852105   0.01011931454114
     155.200000      -0.00481889760294   0.00886763898628   0.01009241275903
     155.400000       0.00518626457336   0.00945127769132   0.01078072308444
     155.600000       0.00919367096079  -0.00114315885009   0.00926446964978
     155.800000       0.00519753349273  -0.00363914004526   0.00634489516675
     156.000000       0.00066055931659  -0.01228567154872   0.01230341676177
     156.200000      -0.01222592083616  -0.00098388488381   0.01226544617030
     156.400000      -0.00331757056143   0.00350170985549   0.00482371706696
     156.600000      -0.00408600915414   0.00897511107568   0.00986144460150
     156.800000       0.00920447715692   0.00532778880228   0.01063521195153
     157.000000       0.00669308245691  -0.00159239133612   0.00687990282943
     157.200000       0.00393173139571  -0.00996207740448   0.01070987852316
     157.400000      -0.00667989552258  -0.00346230758523   0.00752386722420
     157.600000      -0.00492293033025  -0.00340236836912   0.00598425881423
     157.800000      -0.00858604337746   0.00913446020518   0.01253628749350
     158.000000       0.00667748847007   0.00601183757449   0.00898504553633
     158.200000       0.00442056552040   0.00203109922519   0.00486484980063
     158.400000       0.00656198409924  -0.00436868292790   0.00788321164521
     158.600000       0.00076133348294  -0.00648638984327   0.00653091738358
     158.800000      -0.00834549870826  -0.00659755310653   0.01063837655298
     159.000000      -0.00456092290420   0.00781308759853   0.00904689756548
     159.200000      -0.00160229082576   0.00018061997628   0.00161243898059
     159.400000       0.00231749422208   0.01124950835582   0.01148573975489
     159.600000       0.01029820739339  -0.00527438451370   0.01157031579152
     159.800000      -0.00100395023284  -0.00362565919395   0.00376208993257
     160.000000       0.00011487369237  -0.00515920567583   0.00516048439304
     160.200000      -0.00628821947487  -0.00285441702744   0.00690575127924
     160.400000      -0.00674769411743   0.00551676988052   0.00871585485291
     160.600000       0.00514976110300   0.00631786689595   0.00815079637416
     160.800000       0.00044433594468  -0.00041371718273   0.00060712135444
     161.000000       0.00849593074497   0.00282458414266   0.00895316227946
     161.200000      -0.00030698506062  -0.01207020967848   0.01207411286637
     161.400000      -0.00511300102839   0.00266992766887   0.00576812736278
     161.600000      -0.00199720788750  -0.00454027503350   0.00496013474874
     161.800000      -0.00667601155879   0.00819005767813   0.01056627536572
     162.000000       0.00642113295549   0.00266795950158   0.00695334137908
     162.200000       0.00144897048215   0.00191556578825   0.00240185506375
     162.400000       0.00642988010599  -0.00410802621610   0.00763015318126
     162.600000      -0.00290361236314  -0.00391234095785   0.00487210185914
     162.800000      -0.00163184662412  -0.00380723409106   0.00414221617359
     163.000000      -0.00769349217616   0.00320472718861   0.00833427250683
     163.200000       0.00296714005761   0.00397560799862   0.00496078411949
     163.400000      -0.00161688992527   0.00292349876142   0.00334083493134
     163.600000       0.00907463090555   0.00226119144803   0.00935210740083
     163.800000      -0.00072755018719  -0.00806941002931   0.00810214215477
     164.000000      -0.00014546324935   0.00109693400762   0.00110653683806
     164.200000      -0.00341426122212  -0.00698086178789   0.00777107527917
     164.400000      -0.00670342917928   0.00758118062271   0.01011979557085
     164.600000       0.00472210223237   0.00108905242755   0.00484605867514
     164.800000      -0.00185522057342   0.00391718045968   0.00433429880486
     165.000000       0.00915121144314  -0.00079768301966   0.00918591144508
     165.200000      -0.00269660496428  -0.00569559332023   0.00630170307162
     165.400000       0.00045655150148  -0.00129957882734   0.00137744125173
     165.600000      -0.00592734141475  -0.00182060052911   0.00620064210655
     165.800000      -0.00089218800095   0.00416890322112   0.00426330312037
     166.000000      -0.00067172652869   0.00336937455255   0.00343568063194
     166.200000       0.00609037603709   0.00140041504722   0.00624930736784
     166.400000      -0.00022409742800  -0.00279300612459   0.00280198195377
     166.600000       0.00347510483923  -0.00179354887650   0.00391064843933
     166.800000      -0.00557120151361  -0.00500773817347   0.00749104317965
     167.000000      -0.00169809687232   0.00473767479828   0.00503280195141
     167.200000      -0.00074312716742  -0.00074898406330   0.00105509009759
     167.400000      -0.00013898096617   0.00546378823093   0.00546555555652
     167.600000       0.00598650926770  -0.00140318561198   0.00614875784804
     167.800000      -0.00151295747310  -0.00264791679520   0.00304967271518
     168.000000       0.00172213499450  -0.00079303646309   0.00189595774507
     168.200000      -0.00385779725524  -0.00344750403406   0.00517376881271
     168.400000      -0.00193721169323   0.00404274382753   0.00448291945047
     168.600000       0.00071077838039   0.00047682097941   0.00085589961586
     168.800000       0.00079166339738   0.00243477745474   0.00256024846234
     169.000000       0.00291312774637  -0.00089902930935   0.00304869922520
     169.200000       0.00046787077765  -0.00199195595316   0.00204616509205
     169.400000      -0.00124458937739  -0.00183783424313   0.00221960298782
     169.600000      -0.00164191601147   0.00046896105785   0.00170757508253
     169.800000      -0.00112091294220   0.00019540944384   0.00113781838389
     170.000000      -0.00054130046812   0.00317597354949   0.00322177190128
     170.200000       0.00321499215202  -0.00061667604210   0.00327360105671
     170.400000      -0.00102535661955   0.00032931645591   0.00107694267507
     170.600000       0.00329112563679  -0.00195126192255   0.00382608560379
     170.800000      -0.00398351752093  -0.00115219899572   0.00414680290890
     171.000000       0.00161642862657   0.00021653492987   0.00163086752394
     171.200000      -0.00379541575180   0.00086923752538   0.00389368136916
     171.400000       0.00322423491054   0.00122706207325   0.00344983653090
     171.600000      -0.00194712377513   0.00092866823657   0.00215724724807
     171.800000       0.00444216173507  -0.00112338160445   0.00458200688670
     172.000000      -0.00327083101768  -0.00046541335237   0.00330377740394
     172.200000       0.00297795640898  -0.00157009443508   0.00336651465300
     172.400000      -0.00477473248526   0.00045459018120   0.00479632385673
     172.600000       0.00265862908838   0.00056427748854   0.00271785167249
     172.800000      -0.00271003219035   0.00122888818949   0.00297564121746
     173.000000       0.00337501538955   0.00032189289973   0.00339033094529
     173.200000      -0.00102411007467  -0.00022880647236   0.00104935877890
     173.400000       0.00178448609566  -0.00126752767871   0.00218883919964
     173.600000      -0.00186359402914  -0.00043356261053   0.00191336333264
     173.800000       0.00005605493069  -0.00021371939241   0.00022094826079
     174.000000      -0.00122516456260   0.00068627780788   0.00140428110969
     174.200000       0.00037433244797   0.00117680062993   0.00123490262945
     174.400000       0.00123774748217  -0.00016864006108   0.00124918305297
     174.600000      -0.00052661917280   0.00022229420676   0.00057161391474
     174.800000       0.00230945329248  -0.00103603459672   0.00253119382817
     175.000000      -0.00321549262052  -0.00099451022427   0.00336577530129
     175.200000       0.00234769631536   0.00115418405734   0.00261606934682
     175.400000      -0.00352697465716  -0.00159423751186   0.00387054821395
     175.600000       0.00258028513406   0.00359574364965   0.00442574782009
     175.800000      -0.00120239473438  -0.00294515849164   0.00318114942091
     176.000000       0.00165258916741   0.00341060354362   0.00378989016833
     176.200000       0.00013495749424  -0.00422958386620   0.00423173642923
     176.400000      -0.00082309201033   0.00292372919727   0.00303737927767
     176.600000       0.00072481259872  -0.00373324235479   0.00380295303453
     176.800000      -0.00297437522026   0.00369346680205   0.00474221519638
     177.000000       0.00341913661082  -0.00225241667651   0.00409437126407
     177.200000      -0.00437768577271   0.00268219726617   0.00513403495306
     177.400000       0.00663589523671  -0.00077216690425   0.00668066967606
     177.600000      -0.00604561678117  -0.00145951494295   0.00621929788106
     177.800000       0.00644846980640   0.00203150295458   0.00676089987343
     178.000000      -0.00652590762342  -0.00487861797860   0.00814790670605
     178.200000       0.00398774857844   0.00591651378331   0.00713493336149
     178.400000      -0.00372293609398  -0.00558366193083   0.00671100094752
     178.600000       0.00259668053617   0.00725182594932   0.00770270922508
     178.800000      -0.00028084146766  -0.00633859524457   0.00634481375648
     179.000000       0.00078682803702   0.00568924756025   0.00574339935592
     179.200000       0.00069569942849  -0.00689324960661   0.00692826730387
     179.400000      -0.00256192219242   0.00514766810853   0.00574995063245
     179.600000       0.00200361793334  -0.00453658884178   0.00495934704797
     179.800000      -0.00385263316754   0.00461605898450   0.00601255210971
     180.000000       0.00452699472655  -0.00169339575529   0.00483334981542
     180.200000      -0.00283699736903   0.00097460337014   0.00299973428840
     180.400000       0.00340189584120  -0.00069813522344   0.00347279255133
     180.600000      -0.00211965386231  -0.00132190768390   0.00249807374206
     180.800000      -0.00004203447586   0.00017080120725   0.00017589755416
     181.000000      -0.00071528470929   0.00060372940418   0.00093601357299
     181.200000      -0.00026540963562   0.00014554840362   0.00030269888086
     181.400000       0.00103865466220   0.00159114855953   0.00190014663798
     181.600000       0.00030450833992  -0.00163059416289   0.00165878348591
     181.800000       0.00091201864187   0.00085355312246   0.00124913207308
     182.000000      -0.00138948003852  -0.00256510329648   0.00291726064983
     182.200000       0.00048077731602   0.00244222770984   0.00248910084454
     182.400000      -0.00169955791512  -0.00274230733287   0.00322625891936
     182.600000       0.00081972698751   0.00471961661078   0.00479027486547
     182.800000       0.00072072511043  -0.00398264554641   0.00404733371903
     183.000000      -0.00032700250668   0.00394908808157   0.00396260360311
     183.200000       0.00190063891115  -0.00420165395515   0.00461154250001
     183.400000      -0.00217190087153   0.00203682218688   0.00297754899485
     183.600000       0.00082201702765  -0.00205145022396   0.00221001357805
     183.800000      -0.00157262161211   0.00200029326554   0.00254446691530
     184.000000       0.00058397727325  -0.00082341112417   0.00100947280057
     184.200000       0.00003412678941   0.00218613277420   0.00218639912738
     184.400000       0.00146361680613  -0.00181558965311   0.00233206773993
     184.600000      -0.00069269903130   0.00077024891163   0.00103591280223
     184.800000       0.00107429400378  -0.00141000914192   0.00177263458921
     185.000000      -0.00172194049222  -0.00047272176427   0.00178564972073
     185.200000      -0.00036185171625   0.00109550029783   0.00115371468184
     185.400000       0.00031094185323  -0.00018762293837   0.00036316277768
     185.600000      -0.00087755484993   0.00128707303665   0.00155777389768
     185.800000       0.00246988486794   0.00024177254823   0.00248168999393
     186.000000      -0.00072414185400  -0.00138027344970   0.00155869696242
     186.200000       0.00075114236281   0.00024027120278   0.00078863495998
     186.400000      -0.00078309766678  -0.00165951932745   0.00183500581849
     186.600000      -0.00143083877926   0.00071793652436   0.00160085366766
     186.800000      -0.00004733190195   0.00103421116291   0.00103529369670
     187.000000       0.00031873807351   0.00048837473529   0.00058318422610
     187.200000       0.00061114653502   0.00095878064082   0.00113699622008
     187.400000       0.00207645688058  -0.00084937684985   0.00224346032057
     187.600000      -0.00107694943307  -0.00183252510197   0.00212555130042
     187.800000       0.00003042364429   0.00027629474082   0.00027796471348
     188.000000      -0.00184895514785  -0.00160251839586   0.00244677345659
     188.200000      -0.00117361904807   0.00299618577031   0.00321784257542
     188.400000       0.00126930754563   0.00028132470797   0.00130010970179
     188.600000       0.00070895876985   0.00124344420216   0.00143135461059
     188.800000       0.00202100411087  -0.00077573196961   0.00216476735582
     189.000000       0.00083886970822  -0.00224209780462   0.00239388908533
     189.200000      -0.00272837668793  -0.00151246786844   0.00311955099402
     189.400000      -0.00000510827891   0.00078703513671   0.00078705171426
     189.600000      -0.00376163388981  -0.00020171722923   0.00376703853996
     189.800000       0.00228981591973   0.00556717574677   0.00601969291091
     190.000000       0.00169354437095  -0.00286112891974   0.00332477837333
     190.200000       0.00155405827664   0.00301355199760   0.00339066258561
     190.400000       0.00307645465456  -0.00629260587946   0.00700438876675
     190.600000      -0.00527910321170  -0.00024581163358   0.00528482299410
     190.800000       0.00042713687646  -0.00043548316848   0.00060999303378
     191.000000      -0.00505922171894   0.00145553212675   0.00526443711839
     191.200000       0.00248834656963   0.00587247969317   0.00637792179297
     191.400000       0.00377228304425  -0.00154006944458   0.00407454700060
     191.600000       0.00096349480557   0.00075792415398   0.00122587571293
     191.800000       0.00482778559518  -0.00591116080664   0.00763212525022
     192.000000      -0.00919037133728  -0.00246461461633   0.00951510643788
     192.200000       0.00298569852298   0.00211454797694   0.00365864849594
     192.400000      -0.01030358119567   0.00099212181026   0.01035123621323
     192.600000       0.01118388172973   0.00956753278554   0.01471791065835
     192.800000      -0.00396355714288  -0.00690187852627   0.00795900197363
     193.000000       0.01215471455543   0.00606269708500   0.01358283408823
     193.200000      -0.00851678281843  -0.01765128238548   0.01959855503419
     193.400000       0.00051677671726   0.01211054361913   0.01212156445870
     193.600000      -0.00842139869714  -0.01355744869398   0.01596008681387
     193.800000      -0.00056576667981   0.02411409520221   0.02412073131888
     194.000000       0.00807216833065  -0.01438325640793   0.01649357348953
     194.200000      -0.00022500439368   0.01762564778786   0.01762708390287
     194.400000       0.01333481902844  -0.02490494747600   0.02825020012856
     194.600000      -0.01710215354267   0.01094712172128   0.02030574130087
     194.800000       0.00859771545270  -0.01691289527014   0.01897278939493
     195.000000      -0.02407021877270   0.01984174023217   0.03119407134708
     195.200000       0.02154655424916  -0.00353262874743   0.02183422693569
     195.400000      -0.01329850968253   0.01340573322968   0.01888290346323
     195.600000       0.02973761670304  -0.01116898684185   0.03176589545803
     195.800000      -0.02005219518206  -0.00482998541514   0.02062569491508
     196.000000       0.01416861343694  -0.00885253254401   0.01670679320420
     196.200000      -0.02975580359525   0.00079699649137   0.02976647528691
     196.400000       0.01341612669352   0.01193718585876   0.01795797487700
     196.600000      -0.01190077071556   0.00448315515022   0.01271719401933
     196.800000       0.02465727030811   0.00882803688975   0.02618998309228
     197.000000      -0.00381266141357  -0.01557428621494   0.01603417531897
     197.200000       0.00799482728023  -0.00165700295085   0.00816473649421
     197.400000      -0.01633169813789  -0.01524638342608   0.02234225977027
     197.600000      -0.00581969913342   0.01446241275666   0.01558942849329
     197.800000      -0.00441755701796   0.00129136515075   0.00460243782788
     198.000000       0.00760231706301   0.01734363050370   0.01893665080672
     198.200000       0.01280134125680  -0.00916886935010   0.01574619011482
     198.400000       0.00269517090175  -0.00309691925555   0.00410546648568
     198.600000      -0.00087379920159  -0.01551293442413   0.01553752423946
     198.800000      -0.01531478656018   0.00150669394555   0.01538872359975
     199.000000      -0.00400105490827   0.00538611008861   0.00670959181066
     199.200000      -0.00262607571397   0.01232522623945   0.01260188380796
     199.400000       0.01359447589762   0.00541987698797   0.01463505522694
     199.600000       0.00732760015870  -0.00580586339370   0.00934889158308
     199.800000       0.00423959904803  -0.00996159918274   0.01082624858229
     200.000000      -0.00975170354772  -0.00996564910040   0.01394309449423
