#    time[fs]         Re(autocorrel)     Im(autocorrel)     Abs(autocorrel)
     0.00000000       1.00000000000000   0.00000000000000   1.00000000000000
    0.200000000      -0.73636727087977  -0.50474419978564   0.89275050537100
    0.400000000       0.37843320708914   0.64748275277344   0.74996373736791
    0.600000000      -0.00688574240818  -0.68801812108590   0.68805257676364
    0.800000000      -0.33050897030628   0.38595310489880   0.50812988362617
     1.00000000       0.23413722770482  -0.06097482315092   0.24194662728706
     1.20000000      -0.12652181228254   0.01701029220124   0.12766017007677
     1.40000000       0.03819317790717   0.06253702373590   0.07327754210120
     1.60000000       0.08991843402257   0.05628145080940   0.10607981185071
     1.80000000       0.06804385326785  -0.14772617391553   0.16264374696636
     2.00000000      -0.11369457156299   0.00498832696694   0.11380394988234
     2.20000000       0.07555438879073   0.00353116323938   0.07563686124744
     2.40000000      -0.10040225593381  -0.10417830126647   0.14468493857816
     2.60000000      -0.08296944814254   0.14670270378065   0.16853964703188
     2.80000000       0.11411643824500   0.01593306801492   0.11522336626784
     3.00000000      -0.05620623723800  -0.01493933629566   0.05815775849712
     3.20000000       0.08554411590583   0.08133019807667   0.11803557465994
     3.40000000       0.05522163689131  -0.11311044240181   0.12587057384984
     3.60000000      -0.05884082369812  -0.01770773392675   0.06144759046776
     3.80000000       0.00429313193972  -0.01846049389804   0.01895312155851
     4.00000000      -0.05946882892382  -0.01813223443575   0.06217169403517
     4.20000000      -0.03441305280518   0.05167720711018   0.06208697075942
     4.40000000       0.01764615993700   0.04349904772606   0.04694202928716
     4.60000000       0.03035255390899   0.01680414157014   0.03469375596138
     4.80000000       0.03596413496390   0.00221409919289   0.03603222500676
     5.00000000       0.03378155006932  -0.03304715535085   0.04725788401811
     5.20000000      -0.01059967320974  -0.04475058823027   0.04598878362284
     5.40000000      -0.03046661877648  -0.01807651564855   0.03542563023664
     5.60000000      -0.03495155283389   0.00129991022665   0.03497571746366
     5.80000000      -0.02585699732315   0.02925728603367   0.03904578205934
     6.00000000       0.00515488507712   0.03691157498949   0.03726978948643
     6.20000000       0.02704795704430   0.02149401913753   0.03454829719327
     6.40000000       0.03410270951111  -0.00274562816475   0.03421305701071
     6.60000000       0.02178763149896  -0.02571356881811   0.03370294508939
     6.80000000      -0.00240830634634  -0.03256358058624   0.03265251475851
     7.00000000      -0.02392044604668  -0.02122994922598   0.03198278416913
     7.20000000      -0.03122830151678   0.00173066461344   0.03127622124917
     7.40000000      -0.02042134172665   0.02236006711916   0.03028207059449
     7.60000000       0.00075594906063   0.02953228976376   0.02954196333477
     7.80000000       0.02081112809149   0.02023911259419   0.02902972151159
     8.00000000       0.02830139217622  -0.00015940307220   0.02830184107883
     8.20000000       0.01971468356316  -0.01934001769422   0.02761711484584
     8.40000000       0.00054484107774  -0.02702126720131   0.02702675957203
     8.60000000      -0.01790325996107  -0.01917670761553   0.02623495439685
     8.80000000      -0.02569449641162  -0.00147632216657   0.02573687379978
     9.00000000      -0.01905475059355   0.01673839193688   0.02536251732015
     9.20000000      -0.00187945594254   0.02447174113099   0.02454380713382
     9.40000000       0.01519895202624   0.01873539984852   0.02412516010682
     9.60000000       0.02367790396592   0.00253476734755   0.02381319343821
     9.80000000       0.01801237465010  -0.01407678711436   0.02286048065983
     10.0000000       0.00361955285093  -0.02236442034206   0.02265542893165
     10.2000000      -0.01341678353889  -0.01821948877852   0.02262652982407
     10.4000000      -0.02101957249402  -0.00328494181587   0.02127470964702
     10.6000000      -0.01779791878691   0.01105739475952   0.02095308788731
     10.8000000      -0.00470463863047   0.02155183775365   0.02205935935613
     11.0000000       0.01209269242955   0.01623086395253   0.02024040895934
     11.2000000       0.01733897678394   0.00540800123519   0.01816278043896
     11.4000000       0.02006387195716  -0.00939022668617   0.02215254647057
     11.6000000       0.00183455153019  -0.02101978755881   0.02109969308627
     11.8000000      -0.00630891722830  -0.01199723231905   0.01355492603856
     12.0000000      -0.01848853081966  -0.01238803073411   0.02225509104315
     12.2000000      -0.01872138801562   0.01607219598638   0.02467399142936
     12.4000000       0.00008524985448   0.00942849900994   0.00942888440475
     12.6000000      -0.00190892527286   0.02127757801309   0.02136303634319
     12.8000000       0.02719242344884   0.00435049622175   0.02753824087331
     13.0000000       0.00441347154798  -0.00838931279777   0.00947941455595
     13.2000000       0.01611342123592  -0.01047682464005   0.01921994272791
     13.4000000      -0.01308025270909  -0.02155875846657   0.02521652389910
     13.6000000      -0.00951718957572  -0.00011915707147   0.00951793548139
     13.8000000      -0.01814026651027  -0.00088493112081   0.01816183834727
     14.0000000      -0.00456077162119   0.01914989404447   0.01968550430380
     14.2000000       0.00331354730355   0.00941185974151   0.00997811101997
     14.4000000       0.01256295513667   0.01093428587961   0.01665492267959
     14.6000000       0.01594772787018  -0.00548621960555   0.01686501200063
     14.8000000       0.00446943782522  -0.01473075097605   0.01539385912602
     15.0000000      -0.00290676274197  -0.00566143678283   0.00636405028925
     15.2000000      -0.00590251141133  -0.01904192389333   0.01993575949193
     15.4000000      -0.02735584080935   0.01506227287136   0.03122841799448
     15.6000000       0.01647756442379   0.00367288299119   0.01688194890429
     15.8000000      -0.02706658422546   0.00863723786307   0.02841129809666
     16.0000000       0.03813728020560   0.02437351053487   0.04526058061132
     16.2000000      -0.00755744970903  -0.03046489232658   0.03138828938593
     16.4000000       0.01251302109837   0.02472147110126   0.02770788390366
     16.6000000       0.00798428909620  -0.04215119046147   0.04290071945424
     16.8000000      -0.02789972905418   0.01362895150631   0.03105065539498
     17.0000000       0.01120574248553  -0.00693650500863   0.01317891370283
     17.2000000      -0.02415887819695   0.00489047136230   0.02464889664631
     17.4000000       0.00890125134200   0.01769485372250   0.01980757743173
     17.6000000       0.00622865532848   0.00107142004807   0.00632013355242
     17.8000000       0.00714344256383   0.00049825520061   0.00716079813343
     18.0000000       0.00728486284627  -0.00188576729385   0.00752498139370
     18.2000000       0.00464803765017  -0.01457313618294   0.01529642285647
     18.4000000      -0.01359839521150  -0.00398946984313   0.01417152856813
     18.6000000       0.00006579745335   0.00141088621225   0.00141241962914
     18.8000000      -0.01180127501377  -0.00127905218294   0.01187038611155
     19.0000000      -0.00065573015939   0.01461002600546   0.01462473390945
     19.2000000       0.00695805758114   0.00197177519192   0.00723204415846
     19.4000000       0.00397454886064   0.00256372537407   0.00472966451657
     19.6000000       0.00746026547895  -0.00231856312374   0.00781225293850
     19.8000000       0.00312443955932  -0.00748233982543   0.00810848517437
     20.0000000      -0.00477384320943  -0.00717230466401   0.00861577234969
     20.2000000      -0.00550253519707   0.00053944085631   0.00552891400118
     20.4000000      -0.00400950677874  -0.00059774079067   0.00405381778840
     20.6000000      -0.00609326273809   0.00643617542937   0.00886296817962
     20.8000000       0.00481592143055   0.00715754177166   0.00862690578587
     21.0000000       0.00367913442640  -0.00012225930124   0.00368116523186
     21.2000000       0.00422752653308   0.00172283553280   0.00456510053131
     21.4000000       0.00581541462222  -0.00527755544307   0.00785312922872
     21.6000000      -0.00274067358112  -0.00636028433128   0.00692564137485
     21.8000000      -0.00313035948546  -0.00124610531992   0.00336926237871
     22.0000000      -0.00392559201354  -0.00185942883196   0.00434370213503
     22.2000000      -0.00547013939321   0.00366161028629   0.00658253863413
     22.4000000       0.00079066429546   0.00551173406876   0.00556815611067
     22.6000000       0.00221003956685   0.00262399129232   0.00343068581908
     22.8000000       0.00410003504246   0.00212290611232   0.00461703559778
     23.0000000       0.00479800951943  -0.00249685263631   0.00540880471417
     23.2000000       0.00105040677379  -0.00440125203270   0.00452486174880
     23.4000000      -0.00142269036987  -0.00393388452521   0.00418323981457
     23.6000000      -0.00400841920809  -0.00217930395876   0.00456254208665
     23.8000000      -0.00419255677558   0.00109190824571   0.00433241225341
     24.0000000      -0.00288986920166   0.00356464750186   0.00458890573179
     24.2000000       0.00095454757346   0.00505849539841   0.00514777007700
     24.4000000       0.00358245430646   0.00201414029637   0.00410983454549
     24.6000000       0.00381275966479   0.00067055608211   0.00387127649758
     24.8000000       0.00454579418827  -0.00348008104333   0.00572496365668
     25.0000000      -0.00093691698543  -0.00516130520439   0.00524565390113
     25.2000000      -0.00222586755500  -0.00254086785831   0.00337794254625
     25.4000000      -0.00463650102323  -0.00203248808846   0.00506242526544
     25.6000000      -0.00480121631810   0.00361640683251   0.00601082993532
     25.8000000      -0.00008084005343   0.00452091900115   0.00452164170730
     26.0000000       0.00156051739315   0.00396147964122   0.00425776179256
     26.2000000       0.00525994019348   0.00221381438028   0.00570683318044
     26.4000000       0.00459481588831  -0.00293571362616   0.00545259090179
     26.6000000       0.00151768597603  -0.00428333887623   0.00454426700915
     26.8000000      -0.00148724190027  -0.00505011229218   0.00526455341255
     27.0000000      -0.00526189795278  -0.00228754990003   0.00573763493180
     27.2000000      -0.00490501090639   0.00213513946559   0.00534957498586
     27.4000000      -0.00216768243888   0.00463135151369   0.00511353732744
     27.6000000       0.00137423544437   0.00501155035131   0.00519655270158
     27.8000000       0.00484703849581   0.00287929281972   0.00563773973517
     28.0000000       0.00533177410312  -0.00180125835219   0.00562781900366
     28.2000000       0.00240327010253  -0.00446520723709   0.00507087594562
     28.4000000      -0.00097256241321  -0.00518085687572   0.00527135235156
     28.6000000      -0.00468854843078  -0.00304464322481   0.00559037912437
     28.8000000      -0.00538509820303   0.00133774566606   0.00554876978468
     29.0000000      -0.00246947726041   0.00465420884255   0.00526877385070
     29.2000000       0.00099424772376   0.00434682163282   0.00445907914751
     29.4000000       0.00359319926718   0.00353646346340   0.00504159248666
     29.6000000       0.00593047453706  -0.00109302177554   0.00603035859933
     29.8000000       0.00175104304148  -0.00445808890393   0.00478964595858
     30.0000000      -0.00021643435604  -0.00367964269548   0.00368600246838
     30.2000000      -0.00372682680142  -0.00368504662138   0.00524106922389
     30.4000000      -0.00470487047468   0.00156116700155   0.00495712099815
     30.6000000      -0.00184380775093   0.00283720992604   0.00338369431048
     30.8000000       0.00006874145929   0.00416927615504   0.00416984280821
     31.0000000       0.00340283544446   0.00191961426690   0.00390694356189
     31.2000000       0.00288086238176  -0.00012954129426   0.00288377339774
     31.4000000       0.00263413870276  -0.00284133193421   0.00387451337148
     31.6000000      -0.00130713951822  -0.00271889872053   0.00301679034283
     31.8000000      -0.00107952639040  -0.00129758482096   0.00168792878853
     32.0000000      -0.00277076809021  -0.00012032953077   0.00277337970818
     32.2000000      -0.00049557956227   0.00152475419063   0.00160326992250
     32.4000000      -0.00088807058264   0.00097512071394   0.00131891234224
     32.6000000       0.00139217983885   0.00149429221964   0.00204232072441
     32.8000000      -0.00017908985549  -0.00069774269064   0.00072035965926
     33.0000000       0.00067467276594   0.00169399481753   0.00182340390010
     33.2000000       0.00118570751840  -0.00084553264175   0.00145630620663
     33.4000000       0.00059461559416   0.00056276639498   0.00081870246130
     33.6000000       0.00192452189491  -0.00152434118684   0.00245507649125
     33.8000000      -0.00017834353588  -0.00248400441161   0.00249039842871
     34.0000000      -0.00227173443611  -0.00222361324512   0.00317887294683
     34.2000000      -0.00302024868912   0.00053799975355   0.00306779169420
     34.4000000      -0.00289448770085   0.00141895349946   0.00322358311262
     34.6000000      -0.00109752620284   0.00574096798655   0.00584493602946
     34.8000000       0.00475659383609   0.00306965084681   0.00566109011082
     35.0000000       0.00410678318920   0.00039853240855   0.00412607516216
     35.2000000       0.00603402330523  -0.00368706005478   0.00707133997879
     35.4000000      -0.00081166443996  -0.00781333862506   0.00785538411747
     35.6000000      -0.00460165900115  -0.00406410187670   0.00613939651978
     35.8000000      -0.00781812501716  -0.00125525546949   0.00791825391596
     36.0000000      -0.00636645898772   0.00685043721847   0.00935202064404
     36.2000000       0.00070134313638   0.00827926410887   0.00830891667905
     36.4000000       0.00603496803242   0.00691481065436   0.00917798700904
     36.6000000       0.01076483348819  -0.00032393314641   0.01076970625003
     36.8000000       0.00636608507586  -0.00799474901225   0.01021973830202
     37.0000000      -0.00013853687869  -0.01035084845577   0.01035177551056
     37.2000000      -0.00863563394460  -0.00805871035141   0.01181173087033
     37.4000000      -0.01177778944376   0.00128702661590   0.01184790115133
     37.6000000      -0.00775853429559   0.00884089723868   0.01176249626570
     37.8000000       0.00067700236458   0.01285337228537   0.01287118919556
     38.0000000       0.01045822709857   0.00835816658627   0.01338781022905
     38.2000000       0.01304775488006  -0.00158415105343   0.01314357036616
     38.4000000       0.00878110664415  -0.01029673535735   0.01353257525067
     38.6000000      -0.00132130945511  -0.01451241407316   0.01457244045817
     38.8000000      -0.01183655688195  -0.00883614081246   0.01477096690394
     39.0000000      -0.01428660669178   0.00181501498798   0.01440143778143
     39.2000000      -0.00983496157388   0.01169181919199   0.01527825595995
     39.4000000       0.00215223657973   0.01602182096657   0.01616573132834
     39.6000000       0.01276332109571   0.00921789759422   0.01574395126548
     39.8000000       0.01587619112147  -0.00181931768407   0.01598009265809
     40.0000000       0.01034090264944  -0.01348958529249   0.01699715208406
