 qsize  | other columns on this side are Hamiltonian values, each col is one state, state 1 2 -> A, units eV | filepath
 -0.40     0.0111338965       0.1214097936       0.1214098208       0.1214097936       0.1214153447       0.1214156169       0.1214157801       0.1119247445       0.1119248805       0.1119246628       0.1119236016       0.1119242547       0.1119244724       0.1110672318       0.1110740074       0.1014261253       0.1014258259   FeCO_SPK_gmcpt_C1_17st_diab_0.05_-x8q15.out
 -0.35     0.0092531536       0.1057018791       0.1057022601       0.1057027499       0.1057071037       0.1057073758       0.1057072942       0.0974340230       0.0974345944       0.0974350298       0.0974337781       0.0974345944       0.0974343767       0.0966518586       0.0966578723       0.0882464760       0.0882461495   FeCO_SPK_gmcpt_C1_17st_diab_0.05_-x7q15.out
 -0.30     0.0074727120       0.0901233276       0.0901242800       0.0901247971       0.0901280896       0.0901284434       0.0901284706       0.0830433578       0.0830439836       0.0830438476       0.0830422421       0.0830427863       0.0830436027       0.0823633722       0.0823684879       0.0751659307       0.0751657674   FeCO_SPK_gmcpt_C1_17st_diab_0.05_-x6q15.out
 -0.25     0.0058939340       0.0747314463       0.0747325076       0.0747335688       0.0747365077       0.0747360723       0.0747356097       0.0688629822       0.0688631455       0.0688634992       0.0688619210       0.0688621659       0.0688634448       0.0682665900       0.0682708622       0.0622967363       0.0622966546   FeCO_SPK_gmcpt_C1_17st_diab_0.05_-x5q15.out
 -0.20     0.0044622880       0.0594939625       0.0594948332       0.0594943979       0.0594975272       0.0594974455       0.0594976904       0.0548318612       0.0548327319       0.0548333034       0.0548320244       0.0548320245       0.0548316435       0.0543239060       0.0543273075       0.0495781297       0.0495779120   FeCO_SPK_gmcpt_C1_17st_diab_0.05_-x4q15.out
 -0.15     0.0031683045       0.0444049984       0.0444057059       0.0444063590       0.0444075835       0.0444069576       0.0444070937       0.0409430830       0.0409430558       0.0409432462       0.0409423210       0.0409423483       0.0409428109       0.0405304221       0.0405330072       0.0370012129       0.0370007503   FeCO_SPK_gmcpt_C1_17st_diab_0.05_-x3q15.out
 -0.10     0.0020088813       0.0294675474       0.0294679012       0.0294689624       0.0294707584       0.0294701325       0.0294695883       0.0271906066       0.0271915590       0.0271916679       0.0271898719       0.0271907971       0.0271908243       0.0268878526       0.0268895125       0.0245625028       0.0245619313   FeCO_SPK_gmcpt_C1_17st_diab_0.05_-x2q15.out
 -0.05     0.0009986310       0.0146826707       0.0146831061       0.0146840041       0.0146844122       0.0146840857       0.0146838680       0.0135908951       0.0135914393       0.0135920924       0.0135902964       0.0135910039       0.0135917386       0.0133984016       0.0133987826       0.0122765302       0.0122763125   FeCO_SPK_gmcpt_C1_17st_diab_0.05_-x1q15.out
 +0.00     0.0000000000       0.0000000000       0.0000000000       0.0000000000       0.0000000000       0.0000000000       0.0000000000       0.0000000000       0.0000000000       0.0000000000       0.0000000000       0.0000000000       0.0000000000       0.0000000000       0.0000000000       0.0000000000       0.0000000000   FeCO_SPK_gmcpt_C1_17st_diab_refG.out
 +0.05    -0.0008386280      -0.0145289535      -0.0145288447      -0.0145287903      -0.0145288991      -0.0145296610      -0.0145302325      -0.0134275451      -0.0134265382      -0.0134267831      -0.0134270280      -0.0134261301      -0.0134264838      -0.0132420722      -0.0132428613      -0.0121115203      -0.0121111666   FeCO_SPK_gmcpt_C1_17st_diab_0.05_+x1q15.out
 +0.10    -0.0013992916      -0.0288484065      -0.0288484065      -0.0288487331      -0.0288493045      -0.0288498759      -0.0288501753      -0.0265629758      -0.0265621866      -0.0265610438      -0.0265622411      -0.0265616424      -0.0265606356      -0.0262616096      -0.0262635688      -0.0239313889      -0.0239308446   FeCO_SPK_gmcpt_C1_17st_diab_0.05_+x2q15.out
 +0.15    -0.0018150001      -0.0430137069      -0.0430134892      -0.0430132171      -0.0430160743      -0.0430172444      -0.0430173805      -0.0395493153      -0.0395481180      -0.0395483356      -0.0395479547      -0.0395473016      -0.0395474105      -0.0391266678      -0.0391295795      -0.0356014859      -0.0356011049   FeCO_SPK_gmcpt_C1_17st_diab_0.05_+x3q15.out
 +0.20    -0.0020665423      -0.0570209636      -0.0570203105      -0.0570202833      -0.0570235214      -0.0570237936      -0.0570237391      -0.0523639236      -0.0523635971      -0.0523635154      -0.0523641141      -0.0523630801      -0.0523625630      -0.0518301449      -0.0518338184      -0.0471005865      -0.0471002872   FeCO_SPK_gmcpt_C1_17st_diab_0.05_+x4q15.out
 +0.25    -0.0021606393      -0.0708697411      -0.0708701764      -0.0708700948      -0.0708736323      -0.0708741221      -0.0708740949      -0.0650173044      -0.0650164609      -0.0650153996      -0.0650164065      -0.0650159439      -0.0650152636      -0.0643746801      -0.0643791428      -0.0584363916      -0.0584360650   FeCO_SPK_gmcpt_C1_17st_diab_0.05_+x5q15.out
 +0.30    -0.0020971279      -0.0845579985      -0.0845568828      -0.0845566651      -0.0845612639      -0.0845621346      -0.0845627605      -0.0775064373      -0.0775057298      -0.0775042876      -0.0775059203      -0.0775052128      -0.0775039066      -0.0767552939      -0.0767606273      -0.0696075404      -0.0696073227   FeCO_SPK_gmcpt_C1_17st_diab_0.05_+x6q15.out
 +0.35    -0.0019455060      -0.0981287299      -0.0981276687      -0.0981284034      -0.0981331382      -0.0981337640      -0.0981339545      -0.0899072964      -0.0899062623      -0.0899058542      -0.0899064256      -0.0899054460      -0.0899052011      -0.0890224906      -0.0890286948      -0.0806902523      -0.0806899257   FeCO_SPK_gmcpt_C1_17st_diab_0.05_+x7q15.out
 +0.40    -0.0015968736      -0.1115249547      -0.1115237301      -0.1115229410      -0.1115287370      -0.1115296350      -0.1115302609      -0.1021004237      -0.1021000971      -0.1020998794      -0.1020996073      -0.1020989270      -0.1020987910      -0.1011079424      -0.1011148813      -0.0915650690      -0.0915647425   FeCO_SPK_gmcpt_C1_17st_diab_0.05_+x8q15.out
