#    time[fs]         Re(autocorrel)     Im(autocorrel)     Abs(autocorrel)
     0.00000000       1.00000000000000   0.00000000000000   1.00000000000000
     1.00000000       0.70464925950091  -0.70883123987113   0.99948602067884
     2.00000000      -0.00530252957590  -0.99813068598016   0.99814477061953
     3.00000000      -0.70933148506970  -0.69989658332652   0.99649705622412
     4.00000000      -0.99514901641315   0.00708744770327   0.99517425448160
     5.00000000      -0.69840892766904   0.70823022699717   0.99466832898222
     6.00000000       0.00684732417371   0.99511678372770   0.99514034141165
     7.00000000       0.70972512196389   0.69930188792522   0.99635981412462
     8.00000000       0.99775881715934  -0.00883190157303   0.99779790524163
     9.00000000       0.69834916197675  -0.71413612330956   0.99884030487823
     10.0000000      -0.01393218605407  -0.99894015833630   0.99903730948608
     11.0000000      -0.71748246587002  -0.69411775900440   0.99828881201594
     12.0000000      -0.99671636999935   0.01838289677890   0.99688587768042
     13.0000000      -0.69009461845881   0.71733899645639   0.99539229365254
     14.0000000       0.01931045478975   0.99423011277581   0.99441762394599
     15.0000000       0.71643658994371   0.68956410255619   0.99437419462911
     16.0000000       0.99513225466022  -0.01896554218914   0.99531296387401
     17.0000000       0.69082064633793  -0.71873159573628   0.99689932897779
     18.0000000      -0.02153742265760  -0.99830872387728   0.99854102006088
     19.0000000      -0.72373773891703  -0.68952724327953   0.99962199553502
     20.0000000      -0.99937896204928   0.02718072629994   0.99974851921316
     21.0000000      -0.68489754354194   0.72713625436380   0.99890528958456
     22.0000000       0.03174323632306   0.99695157684585   0.99745680589571
     23.0000000       0.72697498135987   0.68082088592397   0.99599683846561
     24.0000000       0.99457086928772  -0.03276759950453   0.99511051125642
     25.0000000       0.68019833323298  -0.72638830134114   0.99514307356188
     26.0000000      -0.03293077246686  -0.99551865424969   0.99606316402846
     27.0000000      -0.72897695393619  -0.68084317789045   0.99747422635878
     28.0000000      -0.99812099443138   0.03609223231906   0.99877333202207
     29.0000000      -0.67869724028448   0.73359686092063   0.99939696733699
     30.0000000       0.04165264222934   0.99818423592889   0.99905290723846
     31.0000000       0.73598706546286   0.67380053209447   0.99783972539654
     32.0000000       0.99517408923082  -0.04536077410297   0.99620734172340
     33.0000000       0.67030924882053  -0.73503056677844   0.99477857996289
     34.0000000      -0.04551767091181  -0.99306223050166   0.99410484960801
     35.0000000      -0.73442166944337  -0.67048838894966   0.99444953027507
     36.0000000      -0.99464359938071   0.04545103947170   0.99568151874888
     37.0000000      -0.67145664725614   0.73742847550164   0.99732381182098
     38.0000000       0.04882595017757   0.99754865513296   0.99874285617886
     39.0000000       0.74224066206729   0.66924312753977   0.99940360424870
     40.0000000       0.99760012055942  -0.05441972342010   0.99908333327971
     41.0000000       0.66447215122654  -0.74457497008222   0.99795547286869
     42.0000000      -0.05793779686426  -0.99482776703848   0.99651345920477
     43.0000000      -0.74388088883818  -0.66136517027816   0.99537061702450
     44.0000000      -0.99330779563131   0.05827030063365   0.99501547967752
     45.0000000      -0.66156776280454   0.74402783694365   0.99561504956949
     46.0000000       0.05902459116460   0.99519407733085   0.99694290404043
     47.0000000       0.74764694387001   0.66178474343513   0.99846632357915
     48.0000000       0.99755679462568  -0.06327389034264   0.99956147569970
     49.0000000       0.65854726928543  -0.75223072018606   0.99976775416840
     50.0000000      -0.06899130277642  -0.99658857989792   0.99897377214907
