--- OPTIMIZED RHF      MO-S --- GENERATED AT Thu Oct 27 10:13:22 2022
E=     -398.9058481329, E(NUC)=   12.9846624426
 $VEC   
 1  1 1.00011026E+00 1.43520516E-04 1.30762006E-04-7.19841046E-04-4.04367933E-05
 1  2 0.00000000E+00 0.00000000E+00 1.46481549E-04 0.00000000E+00 0.00000000E+00
 1  3 1.53800072E-04 0.00000000E+00 0.00000000E+00-7.74673354E-05 0.00000000E+00
 1  4 0.00000000E+00-6.12563802E-06 8.50208756E-06-9.50065215E-06 9.98564596E-07
 1  5 0.00000000E+00 0.00000000E+00 0.00000000E+00 1.49530933E-05-4.16980391E-05
 1  6 2.67449458E-05 0.00000000E+00 0.00000000E+00 0.00000000E+00 0.00000000E+00
 1  7 0.00000000E+00-1.67146408E-06 0.00000000E+00 1.76499637E-05 0.00000000E+00
 1  8-1.54074593E-05 0.00000000E+00 0.00000000E+00 0.00000000E+00-1.83884890E-06
 1  9 2.36115839E-06-5.22309483E-07 0.00000000E+00 0.00000000E+00 0.00000000E+00
 1 10-6.24513082E-07-9.98605962E-05 1.10759173E-05-2.55516507E-06 0.00000000E+00
 1 11 2.50401905E-06-4.41737445E-05 0.00000000E+00 3.25175870E-05-2.07356794E-06
 1 12 6.55129107E-07 1.41843883E-06 0.00000000E+00-1.34329310E-06 0.00000000E+00
 1 13-6.24513082E-07-9.98605962E-05 1.10759173E-05 2.55516507E-06 0.00000000E+00
 1 14 2.50401905E-06 4.41737445E-05 0.00000000E+00 3.25175870E-05-2.07356794E-06
 1 15 6.55129107E-07 1.41843883E-06 0.00000000E+00 1.34329310E-06 0.00000000E+00
 2  1 3.15060126E-04-9.47897368E-01 1.19814733E-03-7.03217165E-02-2.35194099E-03
 2  2 0.00000000E+00 0.00000000E+00-3.36093483E-03 0.00000000E+00 0.00000000E+00
 2  3 1.51537224E-03 0.00000000E+00 0.00000000E+00-1.68052277E-03 0.00000000E+00
 2  4 0.00000000E+00-2.92547711E-04-2.02859647E-04 2.85100102E-04-8.22404551E-05
 2  5 0.00000000E+00 0.00000000E+00 0.00000000E+00 2.63002449E-04-5.44238892E-04
 2  6 2.81236444E-04 0.00000000E+00 0.00000000E+00 0.00000000E+00 0.00000000E+00
 2  7 0.00000000E+00 5.50467192E-05 0.00000000E+00-4.77301189E-05 0.00000000E+00
 2  8-2.61228047E-05 0.00000000E+00 0.00000000E+00 0.00000000E+00-4.79840197E-04
 2  9 5.54631093E-04-7.47908958E-05 0.00000000E+00 0.00000000E+00 0.00000000E+00
 2 10-2.29667266E-04-1.03948886E-03 3.63728193E-04-1.76437738E-05 0.00000000E+00
 2 11 7.29834777E-06-4.04312418E-04 0.00000000E+00 2.81208273E-04-2.11794872E-05
 2 12-2.18762595E-05 4.30557467E-05 0.00000000E+00-5.10768680E-05 0.00000000E+00
 2 13-2.29667266E-04-1.03948886E-03 3.63728193E-04 1.76437738E-05 0.00000000E+00
 2 14 7.29834777E-06 4.04312418E-04 0.00000000E+00 2.81208273E-04-2.11794872E-05
 2 15-2.18762595E-05 4.30557467E-05 0.00000000E+00 5.10768680E-05 0.00000000E+00
 3  1 0.00000000E+00 0.00000000E+00 0.00000000E+00 0.00000000E+00 0.00000000E+00
 3  2-9.67691389E-01 0.00000000E+00 0.00000000E+00 4.13286577E-03 0.00000000E+00
 3  3 0.00000000E+00-6.42054230E-02 0.00000000E+00 0.00000000E+00-1.44397201E-03
 3  4 0.00000000E+00 0.00000000E+00 0.00000000E+00 0.00000000E+00 0.00000000E+00
 3  5 0.00000000E+00-6.46528311E-04 0.00000000E+00 0.00000000E+00 0.00000000E+00
 3  6 0.00000000E+00 0.00000000E+00 2.32388599E-03 0.00000000E+00-1.19462710E-04
 3  7 0.00000000E+00 0.00000000E+00 0.00000000E+00 0.00000000E+00-1.33648089E-04
 3  8 0.00000000E+00 2.93924133E-04 0.00000000E+00 0.00000000E+00 0.00000000E+00
 3  9 0.00000000E+00 0.00000000E+00 0.00000000E+00-5.18190880E-04 0.00000000E+00
 3 10 2.58256587E-04 3.16774842E-03-4.47222947E-04-1.06439987E-04 0.00000000E+00
 3 11 8.80725163E-05 8.69671658E-04 0.00000000E+00-1.19654693E-03-6.85671915E-05
 3 12 1.15749520E-04-4.71823283E-05 0.00000000E+00 1.09814235E-04 0.00000000E+00
 3 13-2.58256587E-04-3.16774842E-03 4.47222947E-04-1.06439987E-04 0.00000000E+00
 3 14-8.80725163E-05 8.69671658E-04 0.00000000E+00 1.19654693E-03 6.85671915E-05
 3 15-1.15749520E-04 4.71823283E-05 0.00000000E+00 1.09814235E-04 0.00000000E+00
 4  1-4.69069049E-04-6.73602331E-03-9.02629251E-04 2.19140609E-03-1.49193045E-03
 4  2 0.00000000E+00 0.00000000E+00 9.69183290E-01 0.00000000E+00 0.00000000E+00
 4  3-2.09975619E-03 0.00000000E+00 0.00000000E+00 6.26008215E-02 0.00000000E+00
 4  4 0.00000000E+00 1.19504051E-03-5.68281542E-05-3.81630799E-04 4.38458953E-04
 4  5 0.00000000E+00 0.00000000E+00 0.00000000E+00 1.71140919E-04 7.74573211E-04
 4  6-9.45714130E-04 0.00000000E+00 0.00000000E+00 0.00000000E+00 0.00000000E+00
 4  7 0.00000000E+00-1.18917762E-04 0.00000000E+00 1.78881685E-04 0.00000000E+00
 4  8-1.93367650E-05 0.00000000E+00 0.00000000E+00 0.00000000E+00-7.25123764E-04
 4  9-3.21446794E-04 1.04657056E-03 0.00000000E+00 0.00000000E+00 0.00000000E+00
 4 10 2.66227061E-04 1.74105398E-03-1.57193668E-05-1.05981300E-04 0.00000000E+00
 4 11 1.11966542E-04 8.94230754E-04 0.00000000E+00-2.81682004E-04-1.69030592E-07
 4 12 7.22412501E-05-7.20722195E-05 0.00000000E+00 1.40580354E-04 0.00000000E+00
 4 13 2.66227061E-04 1.74105398E-03-1.57193668E-05 1.05981300E-04 0.00000000E+00
 4 14 1.11966542E-04-8.94230754E-04 0.00000000E+00-2.81682004E-04-1.69030592E-07
 4 15 7.22412501E-05-7.20722195E-05 0.00000000E+00-1.40580354E-04 0.00000000E+00
 5  1 0.00000000E+00 0.00000000E+00 0.00000000E+00 0.00000000E+00 0.00000000E+00
 5  2 0.00000000E+00 9.71211947E-01 0.00000000E+00 0.00000000E+00 1.12690382E-04
 5  3 0.00000000E+00 0.00000000E+00 6.01073943E-02 0.00000000E+00 0.00000000E+00
 5  4 1.50806078E-03 0.00000000E+00 0.00000000E+00 0.00000000E+00 0.00000000E+00
 5  5 0.00000000E+00 0.00000000E+00 2.33261985E-04 0.00000000E+00 0.00000000E+00
 5  6 0.00000000E+00 0.00000000E+00 0.00000000E+00-2.38724682E-04 0.00000000E+00
 5  7-1.56528206E-04 0.00000000E+00 1.43504768E-04 0.00000000E+00 0.00000000E+00
 5  8 0.00000000E+00 0.00000000E+00 6.64998572E-05 0.00000000E+00 0.00000000E+00
 5  9 0.00000000E+00 0.00000000E+00 0.00000000E+00 0.00000000E+00 9.66061938E-04
 5 10 0.00000000E+00 0.00000000E+00 0.00000000E+00 0.00000000E+00 2.42273566E-05
 5 11 0.00000000E+00 0.00000000E+00 1.18960642E-04 0.00000000E+00 0.00000000E+00
 5 12 0.00000000E+00 0.00000000E+00-4.02289319E-05 0.00000000E+00 4.62748943E-05
 5 13 0.00000000E+00 0.00000000E+00 0.00000000E+00 0.00000000E+00 2.42273566E-05
 5 14 0.00000000E+00 0.00000000E+00 1.18960642E-04 0.00000000E+00 0.00000000E+00
 5 15 0.00000000E+00 0.00000000E+00 4.02289319E-05 0.00000000E+00 4.62748943E-05
 6  1 4.90322085E-04 1.03438765E-02-5.39933266E-01-6.17333686E-02-2.81974191E-01
 6  2 0.00000000E+00 0.00000000E+00 1.55269050E-02 0.00000000E+00 0.00000000E+00
 6  3-6.07390662E-02 0.00000000E+00 0.00000000E+00-2.98547216E-02 0.00000000E+00
 6  4 0.00000000E+00-7.61987304E-03-9.03203660E-03 1.58123674E-02-6.78033077E-03
 6  5 0.00000000E+00 0.00000000E+00 0.00000000E+00-2.76240310E-03 6.65279831E-03
 6  6-3.89039521E-03 0.00000000E+00 0.00000000E+00 0.00000000E+00 0.00000000E+00
 6  7 0.00000000E+00 2.41574599E-03 0.00000000E+00-9.51504978E-03 0.00000000E+00
 6  8 6.27398644E-03 0.00000000E+00 0.00000000E+00 0.00000000E+00-1.41953140E-03
 6  9 2.61735569E-03-1.19782429E-03 0.00000000E+00 0.00000000E+00 0.00000000E+00
 6 10-8.34265326E-02-1.14329661E-01-1.67326535E-02-7.16453110E-03 0.00000000E+00
 6 11 6.27559480E-03-1.16011338E-02 0.00000000E+00 1.03115590E-02-1.07829690E-03
 6 12 1.57500518E-03-4.96708275E-04 0.00000000E+00 2.70899583E-03 0.00000000E+00
 6 13-8.34265326E-02-1.14329661E-01-1.67326535E-02 7.16453110E-03 0.00000000E+00
 6 14 6.27559480E-03 1.16011338E-02 0.00000000E+00 1.03115590E-02-1.07829690E-03
 6 15 1.57500518E-03-4.96708275E-04 0.00000000E+00-2.70899583E-03 0.00000000E+00
 7  1 0.00000000E+00 0.00000000E+00 0.00000000E+00 0.00000000E+00 0.00000000E+00
 7  2 2.17831309E-02 0.00000000E+00 0.00000000E+00-3.82598819E-01 0.00000000E+00
 7  3 0.00000000E+00-1.55671389E-01 0.00000000E+00 0.00000000E+00-1.29262784E-01
 7  4 0.00000000E+00 0.00000000E+00 0.00000000E+00 0.00000000E+00 0.00000000E+00
 7  5 0.00000000E+00-6.36405987E-02 0.00000000E+00 0.00000000E+00 0.00000000E+00
 7  6 0.00000000E+00 0.00000000E+00-6.24628079E-02 0.00000000E+00 2.49494702E-05
 7  7 0.00000000E+00 0.00000000E+00 0.00000000E+00 0.00000000E+00 1.29869965E-02
 7  8 0.00000000E+00-1.30204698E-02 0.00000000E+00 0.00000000E+00 0.00000000E+00
 7  9 0.00000000E+00 0.00000000E+00 0.00000000E+00-1.23584683E-02 0.00000000E+00
 7 10 1.33395485E-01 2.19078167E-01 9.82944952E-02 5.54118085E-03 0.00000000E+00
 7 11-8.68524194E-03 4.93992889E-03 0.00000000E+00-1.51755493E-02-3.32675342E-04
 7 12-1.69542146E-03 2.02809681E-03 0.00000000E+00-2.42541523E-03 0.00000000E+00
 7 13-1.33395485E-01-2.19078167E-01-9.82944952E-02 5.54118085E-03 0.00000000E+00
 7 14 8.68524194E-03 4.93992889E-03 0.00000000E+00 1.51755493E-02 3.32675342E-04
 7 15 1.69542146E-03-2.02809681E-03 0.00000000E+00-2.42541523E-03 0.00000000E+00
 8  1-7.48953894E-04 2.10059173E-03 2.45282114E-01 3.82546193E-02 2.98820429E-01
 8  2 0.00000000E+00 0.00000000E+00 2.16856780E-02 0.00000000E+00 0.00000000E+00
 8  3-4.25876334E-01 0.00000000E+00 0.00000000E+00-1.79930576E-01 0.00000000E+00
 8  4 0.00000000E+00-2.26879840E-01-1.16916892E-02 2.58783133E-02-1.41866241E-02
 8  5 0.00000000E+00 0.00000000E+00 0.00000000E+00-1.22419486E-02 3.16343190E-02
 8  6-1.93923704E-02 0.00000000E+00 0.00000000E+00 0.00000000E+00 0.00000000E+00
 8  7 0.00000000E+00-1.05637931E-04 0.00000000E+00-8.87508014E-03 0.00000000E+00
 8  8 9.01680830E-03 0.00000000E+00 0.00000000E+00 0.00000000E+00-2.55119938E-03
 8  9 5.68242389E-03-3.13122451E-03 0.00000000E+00 0.00000000E+00 0.00000000E+00
 8 10-8.74829694E-02-1.64103416E-01-6.23057022E-02-6.06881135E-03 0.00000000E+00
 8 11 1.70714754E-03-1.43965837E-02 0.00000000E+00-3.31054752E-04-2.30881541E-03
 8 12 1.68521602E-03 6.23599388E-04 0.00000000E+00 1.75636790E-03 0.00000000E+00
 8 13-8.74829694E-02-1.64103416E-01-6.23057022E-02 6.06881135E-03 0.00000000E+00
 8 14 1.70714754E-03 1.43965837E-02 0.00000000E+00-3.31054752E-04-2.30881541E-03
 8 15 1.68521602E-03 6.23599388E-04 0.00000000E+00-1.75636790E-03 0.00000000E+00
 9  1 0.00000000E+00 0.00000000E+00 0.00000000E+00 0.00000000E+00 0.00000000E+00
 9  2 0.00000000E+00-9.88181488E-03 0.00000000E+00 0.00000000E+00 5.35864067E-01
 9  3 0.00000000E+00 0.00000000E+00 2.19641093E-01 0.00000000E+00 0.00000000E+00
 9  4 4.03412658E-01 0.00000000E+00 0.00000000E+00 0.00000000E+00 0.00000000E+00
 9  5 0.00000000E+00 0.00000000E+00 6.03128949E-03 0.00000000E+00 0.00000000E+00
 9  6 0.00000000E+00 0.00000000E+00 0.00000000E+00 1.42336384E-02 0.00000000E+00
 9  7-8.11006448E-03 0.00000000E+00 6.92029711E-03 0.00000000E+00 0.00000000E+00
 9  8 0.00000000E+00 0.00000000E+00 3.96049617E-03 0.00000000E+00 0.00000000E+00
 9  9 0.00000000E+00 0.00000000E+00 0.00000000E+00 0.00000000E+00 1.49633095E-03
 9 10 0.00000000E+00 0.00000000E+00 0.00000000E+00 0.00000000E+00 5.40876958E-03
 9 11 0.00000000E+00 0.00000000E+00 2.17365754E-02 0.00000000E+00 0.00000000E+00
 9 12 0.00000000E+00 0.00000000E+00 1.94226048E-03 0.00000000E+00-1.87647140E-03
 9 13 0.00000000E+00 0.00000000E+00 0.00000000E+00 0.00000000E+00 5.40876958E-03
 9 14 0.00000000E+00 0.00000000E+00 2.17365754E-02 0.00000000E+00 0.00000000E+00
 9 15 0.00000000E+00 0.00000000E+00-1.94226048E-03 0.00000000E+00-1.87647140E-03
10  1 1.33167898E-02 7.86448332E-02-1.17198086E-01 1.18307295E-02-2.05823291E+00
10  2 0.00000000E+00 0.00000000E+00-7.18932831E-02 0.00000000E+00 0.00000000E+00
10  3-3.35459374E-01 0.00000000E+00 0.00000000E+00-5.58875044E-02 0.00000000E+00
10  4 0.00000000E+00-1.09699194E+00 7.46239988E-03-1.72393375E-02 9.77693758E-03
10  5 0.00000000E+00 0.00000000E+00 0.00000000E+00-3.84460364E-02 1.23222025E-01
10  6-8.47759884E-02 0.00000000E+00 0.00000000E+00 0.00000000E+00 0.00000000E+00
10  7 0.00000000E+00 4.04959427E-03 0.00000000E+00-3.38560500E-02 0.00000000E+00
10  8 2.84229491E-02 0.00000000E+00 0.00000000E+00 0.00000000E+00 2.81033026E-03
10  9-3.71242462E-03 9.02094367E-04 0.00000000E+00 0.00000000E+00 0.00000000E+00
10 10 2.41060412E-02 1.96265668E-01 1.44692763E+00-1.56418199E-02 0.00000000E+00
10 11 9.78179746E-03 1.30685852E-01 0.00000000E+00-9.74715265E-02 5.09624274E-03
10 12-7.52547446E-03 2.42923171E-03 0.00000000E+00-8.64573374E-03 0.00000000E+00
10 13 2.41060412E-02 1.96265668E-01 1.44692763E+00 1.56418199E-02 0.00000000E+00
10 14 9.78179746E-03-1.30685852E-01 0.00000000E+00-9.74715265E-02 5.09624274E-03
10 15-7.52547446E-03 2.42923171E-03 0.00000000E+00 8.64573374E-03 0.00000000E+00
11  1 0.00000000E+00 0.00000000E+00 0.00000000E+00 0.00000000E+00 0.00000000E+00
11  2 8.67794367E-03 0.00000000E+00 0.00000000E+00 3.23693954E-01 0.00000000E+00
11  3 0.00000000E+00 1.24304563E-01 0.00000000E+00 0.00000000E+00 1.36013929E+00
11  4 0.00000000E+00 0.00000000E+00 0.00000000E+00 0.00000000E+00 0.00000000E+00
11  5 0.00000000E+00-7.78754513E-02 0.00000000E+00 0.00000000E+00 0.00000000E+00
11  6 0.00000000E+00 0.00000000E+00 4.45173316E-02 0.00000000E+00 5.60245080E-03
11  7 0.00000000E+00 0.00000000E+00 0.00000000E+00 0.00000000E+00-1.48663601E-02
11  8 0.00000000E+00 7.34988361E-03 0.00000000E+00 0.00000000E+00 0.00000000E+00
11  9 0.00000000E+00 0.00000000E+00 0.00000000E+00-1.54106939E-02 0.00000000E+00
11 10 7.15310192E-02 2.37949703E-01 1.40944850E+00-4.20883018E-03 0.00000000E+00
11 11 9.90172908E-03 5.88182982E-02 0.00000000E+00-5.60955522E-02 2.04643463E-03
11 12-1.60547471E-03-4.40959922E-04 0.00000000E+00-4.80626136E-03 0.00000000E+00
11 13-7.15310192E-02-2.37949703E-01-1.40944850E+00-4.20883018E-03 0.00000000E+00
11 14-9.90172908E-03 5.88182982E-02 0.00000000E+00 5.60955522E-02-2.04643463E-03
11 15 1.60547471E-03 4.40959922E-04 0.00000000E+00-4.80626136E-03 0.00000000E+00
12  1 0.00000000E+00 0.00000000E+00 0.00000000E+00 0.00000000E+00 0.00000000E+00
12  2-1.29644441E-01 0.00000000E+00 0.00000000E+00-3.70761020E-01 0.00000000E+00
12  3 0.00000000E+00 9.42152436E-04 0.00000000E+00 0.00000000E+00 3.36775194E-01
12  4 0.00000000E+00 0.00000000E+00 0.00000000E+00 0.00000000E+00 0.00000000E+00
12  5 0.00000000E+00-9.97038406E-02 0.00000000E+00 0.00000000E+00 0.00000000E+00
12  6 0.00000000E+00 0.00000000E+00-1.66704286E-01 0.00000000E+00 4.32442511E-03
12  7 0.00000000E+00 0.00000000E+00 0.00000000E+00 0.00000000E+00-4.34693734E-03
12  8 0.00000000E+00-1.45488776E-03 0.00000000E+00 0.00000000E+00 0.00000000E+00
12  9 0.00000000E+00 0.00000000E+00 0.00000000E+00-2.15218381E-02 0.00000000E+00
12 10 4.62350433E-02 5.95731616E-01-1.20298292E+00 1.79911417E-02 0.00000000E+00
12 11-1.00099275E-02-6.23268665E-02 0.00000000E+00 4.56824420E-02-2.51185393E-03
12 12 5.01971448E-03-2.50786055E-03 0.00000000E+00 5.05135895E-03 0.00000000E+00
12 13-4.62350433E-02-5.95731616E-01 1.20298292E+00 1.79911417E-02 0.00000000E+00
12 14 1.00099275E-02-6.23268665E-02 0.00000000E+00-4.56824420E-02 2.51185393E-03
12 15-5.01971448E-03 2.50786055E-03 0.00000000E+00 5.05135895E-03 0.00000000E+00
13  1 6.97187471E-03 3.93666414E-02-6.13666830E-02-7.48757928E-03-2.37430713E-01
13  2 0.00000000E+00 0.00000000E+00 1.58000048E-01 0.00000000E+00 0.00000000E+00
13  3 3.95523187E-01 0.00000000E+00 0.00000000E+00-3.02817377E-02 0.00000000E+00
13  4 0.00000000E+00-1.06022750E+00 6.12415854E-02-9.92121741E-02 3.79705887E-02
13  5 0.00000000E+00 0.00000000E+00 0.00000000E+00 2.49385196E-01-2.77889326E-01
13  6 2.85041305E-02 0.00000000E+00 0.00000000E+00 0.00000000E+00 0.00000000E+00
13  7 0.00000000E+00-5.33053057E-03 0.00000000E+00 6.25438449E-03 0.00000000E+00
13  8 8.97272738E-04 0.00000000E+00 0.00000000E+00 0.00000000E+00 2.09869119E-02
13  9-2.82455621E-02 7.25865023E-03 0.00000000E+00 0.00000000E+00 0.00000000E+00
13 10 5.99051765E-02 6.52566363E-01-2.83965383E-01 3.12878859E-03 0.00000000E+00
13 11-9.55117149E-03-3.88973240E-02 0.00000000E+00 3.36091317E-02 2.87623395E-03
13 12-7.64313191E-04-2.11192076E-03 0.00000000E+00 6.44138518E-03 0.00000000E+00
13 13 5.99051765E-02 6.52566363E-01-2.83965383E-01-3.12878859E-03 0.00000000E+00
13 14-9.55117149E-03 3.88973240E-02 0.00000000E+00 3.36091317E-02 2.87623395E-03
13 15-7.64313191E-04-2.11192076E-03 0.00000000E+00-6.44138518E-03 0.00000000E+00
14  1 0.00000000E+00 0.00000000E+00 0.00000000E+00 0.00000000E+00 0.00000000E+00
14  2 0.00000000E+00-3.73758053E-01 0.00000000E+00 0.00000000E+00-1.20580217E+00
14  3 0.00000000E+00 0.00000000E+00-3.52227759E-02 0.00000000E+00 0.00000000E+00
14  4 1.40048349E+00 0.00000000E+00 0.00000000E+00 0.00000000E+00 0.00000000E+00
14  5 0.00000000E+00 0.00000000E+00-2.01663324E-02 0.00000000E+00 0.00000000E+00
14  6 0.00000000E+00 0.00000000E+00 0.00000000E+00 8.79843131E-03 0.00000000E+00
14  7-3.12354935E-03 0.00000000E+00 1.54623162E-03 0.00000000E+00 0.00000000E+00
14  8 0.00000000E+00 0.00000000E+00 2.64444959E-03 0.00000000E+00 0.00000000E+00
14  9 0.00000000E+00 0.00000000E+00 0.00000000E+00 0.00000000E+00-2.56058999E-03
14 10 0.00000000E+00 0.00000000E+00 0.00000000E+00 0.00000000E+00 7.75733065E-03
14 11 0.00000000E+00 0.00000000E+00-6.78087017E-02 0.00000000E+00 0.00000000E+00
14 12 0.00000000E+00 0.00000000E+00-7.40851258E-04 0.00000000E+00-4.03970880E-04
14 13 0.00000000E+00 0.00000000E+00 0.00000000E+00 0.00000000E+00 7.75733065E-03
14 14 0.00000000E+00 0.00000000E+00-6.78087017E-02 0.00000000E+00 0.00000000E+00
14 15 0.00000000E+00 0.00000000E+00 7.40851258E-04 0.00000000E+00-4.03970880E-04
15  1-2.31173610E-02-1.49977120E-01-2.59238516E-01 4.17063068E-02-4.99588396E-01
15  2 0.00000000E+00 0.00000000E+00 1.60042863E-01 0.00000000E+00 0.00000000E+00
15  3 6.52866312E-01 0.00000000E+00 0.00000000E+00 6.75973693E-02 0.00000000E+00
15  4 0.00000000E+00-1.27601092E+00-9.91482834E-02 2.58046188E-02 7.33436645E-02
15  5 0.00000000E+00 0.00000000E+00 0.00000000E+00-4.32780413E-01 3.12558396E-01
15  6 1.20222017E-01 0.00000000E+00 0.00000000E+00 0.00000000E+00 0.00000000E+00
15  7 0.00000000E+00-4.97952123E-03 0.00000000E+00-2.28314081E-02 0.00000000E+00
15  8 2.95121369E-02 0.00000000E+00 0.00000000E+00 0.00000000E+00-3.40397813E-02
15  9 1.32459245E-02 2.07938568E-02 0.00000000E+00 0.00000000E+00 0.00000000E+00
15 10-5.09100492E-02 6.23250377E-02 4.74581978E-01-1.87699711E-02 0.00000000E+00
15 11-5.19709009E-03 2.82992054E-01 0.00000000E+00 5.22384933E-02 3.94501229E-03
15 12-2.93661445E-03-1.00839784E-03 0.00000000E+00 7.82142053E-04 0.00000000E+00
15 13-5.09100492E-02 6.23250377E-02 4.74581978E-01 1.87699711E-02 0.00000000E+00
15 14-5.19709009E-03-2.82992054E-01 0.00000000E+00 5.22384933E-02 3.94501229E-03
15 15-2.93661445E-03-1.00839784E-03 0.00000000E+00-7.82142053E-04 0.00000000E+00
16  1-2.32354429E-02-1.52985055E-01-2.56872520E-01 4.52027445E-03 3.56872745E-02
16  2 0.00000000E+00 0.00000000E+00 1.75417629E-01 0.00000000E+00 0.00000000E+00
16  3 6.47806113E-01 0.00000000E+00 0.00000000E+00 4.99360305E-02 0.00000000E+00
16  4 0.00000000E+00-5.96023139E-01 5.36000561E-02 5.26470887E-02-1.06247145E-01
16  5 0.00000000E+00 0.00000000E+00 0.00000000E+00 2.59968902E-01 3.51237712E-01
16  6-6.11206614E-01 0.00000000E+00 0.00000000E+00 0.00000000E+00 0.00000000E+00
16  7 0.00000000E+00-2.93068578E-03 0.00000000E+00-3.67238317E-03 0.00000000E+00
16  8 7.60431075E-03 0.00000000E+00 0.00000000E+00 0.00000000E+00 2.17668603E-02
16  9 2.32939429E-02-4.50608031E-02 0.00000000E+00 0.00000000E+00 0.00000000E+00
16 10-3.14392528E-02-1.71461037E-01 2.95139464E-01 2.02102498E-03 0.00000000E+00
16 11 1.26929895E-02-5.84542392E-02 0.00000000E+00-1.58833594E-01 2.97632478E-03
16 12 3.73375825E-03-6.71008303E-03 0.00000000E+00 1.74075543E-03 0.00000000E+00
16 13-3.14392528E-02-1.71461037E-01 2.95139464E-01-2.02102498E-03 0.00000000E+00
16 14 1.26929895E-02 5.84542392E-02 0.00000000E+00-1.58833594E-01 2.97632478E-03
16 15 3.73375825E-03-6.71008303E-03 0.00000000E+00-1.74075543E-03 0.00000000E+00
17  1 0.00000000E+00 0.00000000E+00 0.00000000E+00 0.00000000E+00 0.00000000E+00
17  2 0.00000000E+00 0.00000000E+00 0.00000000E+00 0.00000000E+00 0.00000000E+00
17  3 0.00000000E+00 0.00000000E+00 0.00000000E+00 0.00000000E+00 0.00000000E+00
17  4 0.00000000E+00 0.00000000E+00 0.00000000E+00 0.00000000E+00 0.00000000E+00
17  5 1.31272591E-01 0.00000000E+00 0.00000000E+00 0.00000000E+00 0.00000000E+00
17  6 0.00000000E+00 7.44067983E-01 0.00000000E+00 0.00000000E+00 0.00000000E+00
17  7 0.00000000E+00 0.00000000E+00 0.00000000E+00 0.00000000E+00 0.00000000E+00
17  8 0.00000000E+00 0.00000000E+00 0.00000000E+00 2.49765111E-03 0.00000000E+00
17  9 0.00000000E+00 0.00000000E+00 5.45821602E-02 0.00000000E+00 0.00000000E+00
17 10 0.00000000E+00 0.00000000E+00 0.00000000E+00 0.00000000E+00 1.22535568E-02
17 11 0.00000000E+00 0.00000000E+00-1.92622308E-01 0.00000000E+00 0.00000000E+00
17 12 0.00000000E+00 0.00000000E+00 6.59579151E-03 0.00000000E+00-2.52319102E-03
17 13 0.00000000E+00 0.00000000E+00 0.00000000E+00 0.00000000E+00-1.22535568E-02
17 14 0.00000000E+00 0.00000000E+00 1.92622308E-01 0.00000000E+00 0.00000000E+00
17 15 0.00000000E+00 0.00000000E+00 6.59579151E-03 0.00000000E+00 2.52319102E-03
18  1 0.00000000E+00 0.00000000E+00 0.00000000E+00 0.00000000E+00 0.00000000E+00
18  2 0.00000000E+00-3.49410112E-02 0.00000000E+00 0.00000000E+00-1.37692122E-01
18  3 0.00000000E+00 0.00000000E+00-1.61071350E-02 0.00000000E+00 0.00000000E+00
18  4-2.88628089E-02 0.00000000E+00 0.00000000E+00 0.00000000E+00 0.00000000E+00
18  5 0.00000000E+00 0.00000000E+00 1.31254989E-01 0.00000000E+00 0.00000000E+00
18  6 0.00000000E+00 0.00000000E+00 0.00000000E+00 7.62656071E-01 0.00000000E+00
18  7-1.06232667E-03 0.00000000E+00-7.48163695E-03 0.00000000E+00 0.00000000E+00
18  8 0.00000000E+00 0.00000000E+00 8.90689774E-03 0.00000000E+00 0.00000000E+00
18  9 0.00000000E+00 0.00000000E+00 0.00000000E+00 0.00000000E+00 5.52798024E-02
18 10 0.00000000E+00 0.00000000E+00 0.00000000E+00 0.00000000E+00-1.22741631E-02
18 11 0.00000000E+00 0.00000000E+00 1.78761427E-01 0.00000000E+00 0.00000000E+00
18 12 0.00000000E+00 0.00000000E+00-2.40215446E-03 0.00000000E+00 6.22837955E-03
18 13 0.00000000E+00 0.00000000E+00 0.00000000E+00 0.00000000E+00-1.22741631E-02
18 14 0.00000000E+00 0.00000000E+00 1.78761427E-01 0.00000000E+00 0.00000000E+00
18 15 0.00000000E+00 0.00000000E+00 2.40215446E-03 0.00000000E+00 6.22837955E-03
19  1 0.00000000E+00 0.00000000E+00 0.00000000E+00 0.00000000E+00 0.00000000E+00
19  2-1.85015740E-02 0.00000000E+00 0.00000000E+00-4.65212259E-01 0.00000000E+00
19  3 0.00000000E+00-1.66202828E-01 0.00000000E+00 0.00000000E+00 2.55014557E+00
19  4 0.00000000E+00 0.00000000E+00 0.00000000E+00 0.00000000E+00 0.00000000E+00
19  5 0.00000000E+00 6.15929580E-02 0.00000000E+00 0.00000000E+00 0.00000000E+00
19  6 0.00000000E+00 0.00000000E+00 1.02187353E+00 0.00000000E+00-2.81859721E-02
19  7 0.00000000E+00 0.00000000E+00 0.00000000E+00 0.00000000E+00-9.50160268E-02
19  8 0.00000000E+00 1.32831477E-01 0.00000000E+00 0.00000000E+00 0.00000000E+00
19  9 0.00000000E+00 0.00000000E+00 0.00000000E+00 1.96658913E-02 0.00000000E+00
19 10-8.59622820E-02 4.44677121E-01 1.87114017E+00-5.04404528E-03 0.00000000E+00
19 11 1.54348855E-02 3.26885579E-01 0.00000000E+00-4.24740007E-01 7.82758831E-03
19 12-1.17482467E-02 3.92065834E-03 0.00000000E+00-2.88315589E-02 0.00000000E+00
19 13 8.59622820E-02-4.44677121E-01-1.87114017E+00-5.04404528E-03 0.00000000E+00
19 14-1.54348855E-02 3.26885579E-01 0.00000000E+00 4.24740007E-01-7.82758831E-03
19 15 1.17482467E-02-3.92065834E-03 0.00000000E+00-2.88315589E-02 0.00000000E+00
20  1-1.03242041E-01-7.18988637E-01-1.43030496E+00-3.40189085E-01 5.10269535E+00
20  2 0.00000000E+00 0.00000000E+00 4.28003944E-01 0.00000000E+00 0.00000000E+00
20  3 7.43896245E-01 0.00000000E+00 0.00000000E+00-2.14549811E-01 0.00000000E+00
20  4 0.00000000E+00 1.52178104E+00-7.29005365E-03 1.36008965E-02-6.31084286E-03
20  5 0.00000000E+00 0.00000000E+00 0.00000000E+00 6.32448483E-02-3.08751505E-01
20  6 2.45506657E-01 0.00000000E+00 0.00000000E+00 0.00000000E+00 0.00000000E+00
20  7 0.00000000E+00-4.66992322E-02 0.00000000E+00 1.97791178E-01 0.00000000E+00
20  8-1.35137583E-01 0.00000000E+00 0.00000000E+00 0.00000000E+00-1.50069571E-02
20  9 2.05150808E-02-5.50812370E-03 0.00000000E+00 0.00000000E+00 0.00000000E+00
20 10 1.04280719E-01-7.17952226E-01-1.66736604E+00 1.64996589E-02 0.00000000E+00
20 11-8.84967710E-03-6.60952344E-01 0.00000000E+00 5.34500648E-01-2.73740673E-02
20 12 3.93240133E-02-1.19499460E-02 0.00000000E+00 5.07344620E-02 0.00000000E+00
20 13 1.04280719E-01-7.17952226E-01-1.66736604E+00-1.64996589E-02 0.00000000E+00
20 14-8.84967710E-03 6.60952344E-01 0.00000000E+00 5.34500648E-01-2.73740673E-02
20 15 3.93240133E-02-1.19499460E-02 0.00000000E+00-5.07344620E-02 0.00000000E+00
21  1 7.67421040E-02 5.29252047E-01 8.83209635E-01 2.61261418E-01-3.70638243E+00
21  2 0.00000000E+00 0.00000000E+00-3.37475812E-01 0.00000000E+00 0.00000000E+00
21  3-8.16184446E-01 0.00000000E+00 0.00000000E+00 7.02287767E-02 0.00000000E+00
21  4 0.00000000E+00-1.29907673E+00-7.14074777E-02 1.12122563E-01-4.07150851E-02
21  5 0.00000000E+00 0.00000000E+00 0.00000000E+00-9.00779349E-01 1.23354750E+00
21  6-3.32768150E-01 0.00000000E+00 0.00000000E+00 0.00000000E+00 0.00000000E+00
21  7 0.00000000E+00 3.80376766E-02 0.00000000E+00-1.31869454E-01 0.00000000E+00
21  8 8.08365556E-02 0.00000000E+00 0.00000000E+00 0.00000000E+00-3.35755039E-02
21  9 4.54105151E-02-1.18350112E-02 0.00000000E+00 0.00000000E+00 0.00000000E+00
21 10-2.83552444E-03 1.71480697E+00 5.89835496E-01 1.81917903E-02 0.00000000E+00
21 11-3.01347930E-03 1.38719147E-01 0.00000000E+00-3.45931916E-01 6.17513161E-03
21 12-2.53558477E-02 1.91807161E-02 0.00000000E+00-4.28204111E-02 0.00000000E+00
21 13-2.83552444E-03 1.71480697E+00 5.89835496E-01-1.81917903E-02 0.00000000E+00
21 14-3.01347930E-03-1.38719147E-01 0.00000000E+00-3.45931916E-01 6.17513161E-03
21 15-2.53558477E-02 1.91807161E-02 0.00000000E+00 4.28204111E-02 0.00000000E+00
22  1 0.00000000E+00 0.00000000E+00 0.00000000E+00 0.00000000E+00 0.00000000E+00
22  2 1.72609447E-01 0.00000000E+00 0.00000000E+00 4.99416771E-01 0.00000000E+00
22  3 0.00000000E+00-1.02253924E-03 0.00000000E+00 0.00000000E+00 3.39596040E-01
22  4 0.00000000E+00 0.00000000E+00 0.00000000E+00 0.00000000E+00 0.00000000E+00
22  5 0.00000000E+00 1.23631466E-01 0.00000000E+00 0.00000000E+00 0.00000000E+00
22  6 0.00000000E+00 0.00000000E+00 1.34054031E+00 0.00000000E+00-1.93319791E-02
22  7 0.00000000E+00 0.00000000E+00 0.00000000E+00 0.00000000E+00-3.18086404E-02
22  8 0.00000000E+00 5.77452121E-02 0.00000000E+00 0.00000000E+00 0.00000000E+00
22  9 0.00000000E+00 0.00000000E+00 0.00000000E+00 5.63100247E-02 0.00000000E+00
22 10 7.27362994E-03 1.41258063E+00-4.46770333E-01 9.49561606E-03 0.00000000E+00
22 11-3.26178215E-02 1.46083127E-01 0.00000000E+00 2.15622562E-01 6.45048385E-03
22 12-7.42389836E-03 9.73414512E-04 0.00000000E+00-2.16504961E-02 0.00000000E+00
22 13-7.27362994E-03-1.41258063E+00 4.46770333E-01 9.49561606E-03 0.00000000E+00
22 14 3.26178215E-02 1.46083127E-01 0.00000000E+00-2.15622562E-01-6.45048385E-03
22 15 7.42389836E-03-9.73414512E-04 0.00000000E+00-2.16504961E-02 0.00000000E+00
23  1 0.00000000E+00 0.00000000E+00 0.00000000E+00 0.00000000E+00 0.00000000E+00
23  2 0.00000000E+00 0.00000000E+00 0.00000000E+00 0.00000000E+00 0.00000000E+00
23  3 0.00000000E+00 0.00000000E+00 0.00000000E+00 0.00000000E+00 0.00000000E+00
23  4 0.00000000E+00 0.00000000E+00 0.00000000E+00 0.00000000E+00 0.00000000E+00
23  5-7.01526940E-02 0.00000000E+00 0.00000000E+00 0.00000000E+00 0.00000000E+00
23  6 0.00000000E+00-8.27981514E-01 0.00000000E+00 0.00000000E+00 0.00000000E+00
23  7 0.00000000E+00 0.00000000E+00 0.00000000E+00 0.00000000E+00 0.00000000E+00
23  8 0.00000000E+00 0.00000000E+00 0.00000000E+00 8.45346062E-03 0.00000000E+00
23  9 0.00000000E+00 0.00000000E+00-3.44412146E-02 0.00000000E+00 0.00000000E+00
23 10 0.00000000E+00 0.00000000E+00 0.00000000E+00 0.00000000E+00 7.08389674E-02
23 11 0.00000000E+00 0.00000000E+00-9.20589827E-01 0.00000000E+00 0.00000000E+00
23 12 0.00000000E+00 0.00000000E+00-8.62921967E-03 0.00000000E+00 8.05819470E-03
23 13 0.00000000E+00 0.00000000E+00 0.00000000E+00 0.00000000E+00-7.08389674E-02
23 14 0.00000000E+00 0.00000000E+00 9.20589827E-01 0.00000000E+00 0.00000000E+00
23 15 0.00000000E+00 0.00000000E+00-8.62921967E-03 0.00000000E+00-8.05819470E-03
24  1 0.00000000E+00 0.00000000E+00 0.00000000E+00 0.00000000E+00 0.00000000E+00
24  2 1.96278733E-02 0.00000000E+00 0.00000000E+00 1.81728780E-01 0.00000000E+00
24  3 0.00000000E+00 6.65494441E-02 0.00000000E+00 0.00000000E+00 5.10992810E-01
24  4 0.00000000E+00 0.00000000E+00 0.00000000E+00 0.00000000E+00 0.00000000E+00
24  5 0.00000000E+00 9.35645594E-02 0.00000000E+00 0.00000000E+00 0.00000000E+00
24  6 0.00000000E+00 0.00000000E+00 3.29974943E-01 0.00000000E+00-4.03566940E-02
24  7 0.00000000E+00 0.00000000E+00 0.00000000E+00 0.00000000E+00 3.24709067E-02
24  8 0.00000000E+00 2.16732800E-02 0.00000000E+00 0.00000000E+00 0.00000000E+00
24  9 0.00000000E+00 0.00000000E+00 0.00000000E+00 2.68481031E-02 0.00000000E+00
24 10-2.69959738E-02 5.63512659E-01-2.51721267E-01 5.08091597E-02 0.00000000E+00
24 11 4.05444288E-02-7.22144736E-01 0.00000000E+00-5.06351209E-01 1.03506832E-02
24 12-1.15900835E-02 1.23940027E-03 0.00000000E+00 1.02270985E-02 0.00000000E+00
24 13 2.69959738E-02-5.63512659E-01 2.51721267E-01 5.08091597E-02 0.00000000E+00
24 14-4.05444288E-02-7.22144736E-01 0.00000000E+00 5.06351209E-01-1.03506832E-02
24 15 1.15900835E-02-1.23940027E-03 0.00000000E+00 1.02270985E-02 0.00000000E+00
25  1 0.00000000E+00 0.00000000E+00 0.00000000E+00 0.00000000E+00 0.00000000E+00
25  2 0.00000000E+00 9.32391414E-02 0.00000000E+00 0.00000000E+00 3.13924169E-01
25  3 0.00000000E+00 0.00000000E+00 2.75990434E-02 0.00000000E+00 0.00000000E+00
25  4 4.74657881E-01 0.00000000E+00 0.00000000E+00 0.00000000E+00 0.00000000E+00
25  5 0.00000000E+00 0.00000000E+00 9.26559298E-02 0.00000000E+00 0.00000000E+00
25  6 0.00000000E+00 0.00000000E+00 0.00000000E+00 8.12435846E-01 0.00000000E+00
25  7 3.30511193E-02 0.00000000E+00-3.20855168E-02 0.00000000E+00 0.00000000E+00
25  8 0.00000000E+00 0.00000000E+00-1.22572129E-02 0.00000000E+00 0.00000000E+00
25  9 0.00000000E+00 0.00000000E+00 0.00000000E+00 0.00000000E+00 3.60758835E-02
25 10 0.00000000E+00 0.00000000E+00 0.00000000E+00 0.00000000E+00 7.91725196E-02
25 11 0.00000000E+00 0.00000000E+00-1.00262767E+00 0.00000000E+00 0.00000000E+00
25 12 0.00000000E+00 0.00000000E+00-5.39455448E-03 0.00000000E+00 6.33474110E-03
25 13 0.00000000E+00 0.00000000E+00 0.00000000E+00 0.00000000E+00 7.91725196E-02
25 14 0.00000000E+00 0.00000000E+00-1.00262767E+00 0.00000000E+00 0.00000000E+00
25 15 0.00000000E+00 0.00000000E+00 5.39455448E-03 0.00000000E+00 6.33474110E-03
26  1-3.07680898E-02-2.13041857E-01-3.47465905E-01-1.02884016E-01 1.40017798E+00
26  2 0.00000000E+00 0.00000000E+00 1.70347819E-01 0.00000000E+00 0.00000000E+00
26  3 4.95151788E-01 0.00000000E+00 0.00000000E+00 1.18861720E-02 0.00000000E+00
26  4 0.00000000E+00 9.50184475E-01-7.27169998E-02-8.38977453E-02 1.56614745E-01
26  5 0.00000000E+00 0.00000000E+00 0.00000000E+00-8.31851141E-01-3.81463455E-01
26  6 1.21331460E+00 0.00000000E+00 0.00000000E+00 0.00000000E+00 0.00000000E+00
26  7 0.00000000E+00-1.64851096E-02 0.00000000E+00 1.02490261E-02 0.00000000E+00
26  8 1.18680693E-02 0.00000000E+00 0.00000000E+00 0.00000000E+00-3.33539027E-02
26  9-1.98603898E-02 5.32142925E-02 0.00000000E+00 0.00000000E+00 0.00000000E+00
26 10 2.68883083E-02-7.51064418E-01-1.94000674E-01 6.30372681E-02 0.00000000E+00
26 11 6.31830081E-02-7.94267782E-01 0.00000000E+00-7.22951098E-01-3.66811975E-02
26 12 2.23130016E-02 1.43681959E-02 0.00000000E+00-2.04290043E-03 0.00000000E+00
26 13 2.68883083E-02-7.51064418E-01-1.94000674E-01-6.30372681E-02 0.00000000E+00
26 14 6.31830081E-02 7.94267782E-01 0.00000000E+00-7.22951098E-01-3.66811975E-02
26 15 2.23130016E-02 1.43681959E-02 0.00000000E+00 2.04290043E-03 0.00000000E+00
27  1 0.00000000E+00 0.00000000E+00 0.00000000E+00 0.00000000E+00 0.00000000E+00
27  2 1.44432208E+00 0.00000000E+00 0.00000000E+00 3.40083539E+00 0.00000000E+00
27  3 0.00000000E+00-1.96796541E-01 0.00000000E+00 0.00000000E+00 1.59813201E+00
27  4 0.00000000E+00 0.00000000E+00 0.00000000E+00 0.00000000E+00 0.00000000E+00
27  5 0.00000000E+00-2.53529297E-01 0.00000000E+00 0.00000000E+00 0.00000000E+00
27  6 0.00000000E+00 0.00000000E+00 3.04617356E+00 0.00000000E+00-9.09293593E-02
27  7 0.00000000E+00 0.00000000E+00 0.00000000E+00 0.00000000E+00-1.01225809E-01
27  8 0.00000000E+00 2.23220346E-01 0.00000000E+00 0.00000000E+00 0.00000000E+00
27  9 0.00000000E+00 0.00000000E+00 0.00000000E+00-4.00003804E-02 0.00000000E+00
27 10 7.81243534E-02 2.95018257E+00 1.32484728E+00-1.96736562E-02 0.00000000E+00
27 11 4.54665064E-02 1.45323922E+00 0.00000000E+00-1.70615489E+00 3.04699592E-02
27 12-5.05708021E-02 2.01008429E-02 0.00000000E+00-9.71024268E-02 0.00000000E+00
27 13-7.81243534E-02-2.95018257E+00-1.32484728E+00-1.96736562E-02 0.00000000E+00
27 14-4.54665064E-02 1.45323922E+00 0.00000000E+00 1.70615489E+00-3.04699592E-02
27 15 5.05708021E-02-2.01008429E-02 0.00000000E+00-9.71024268E-02 0.00000000E+00
28  1-9.30515404E-02-6.45761900E-01-1.19864538E+00 1.51314808E-01-3.69176369E+00
28  2 0.00000000E+00 0.00000000E+00-1.01511371E+00 0.00000000E+00 0.00000000E+00
28  3-2.47144773E+00 0.00000000E+00 0.00000000E+00 4.22173744E-02 0.00000000E+00
28  4 0.00000000E+00-9.95894902E-01 1.96858055E-01-2.07362776E-01 1.05047205E-02
28  5 0.00000000E+00 0.00000000E+00 0.00000000E+00-6.71279176E-01 1.33829007E+00
28  6-6.67010897E-01 0.00000000E+00 0.00000000E+00 0.00000000E+00 0.00000000E+00
28  7 0.00000000E+00 3.59169573E-02 0.00000000E+00-7.29053348E-02 0.00000000E+00
28  8 2.47176800E-02 0.00000000E+00 0.00000000E+00 0.00000000E+00 2.81671592E-02
28  9-2.88562017E-02 6.89042506E-04 0.00000000E+00 0.00000000E+00 0.00000000E+00
28 10 1.27729315E-01 1.97039018E+00 1.03258349E+00-7.87503029E-02 0.00000000E+00
28 11 4.64472180E-02 1.44723776E+00 0.00000000E+00-1.18369534E+00 2.09472386E-02
28 12-4.11108063E-02 2.01635677E-02 0.00000000E+00-4.23305596E-02 0.00000000E+00
28 13 1.27729315E-01 1.97039018E+00 1.03258349E+00 7.87503029E-02 0.00000000E+00
28 14 4.64472180E-02-1.44723776E+00 0.00000000E+00-1.18369534E+00 2.09472386E-02
28 15-4.11108063E-02 2.01635677E-02 0.00000000E+00 4.23305596E-02 0.00000000E+00
29  1 5.29233408E-03 4.66828807E-02 1.24803168E-01-1.74559564E-03 8.39763092E-01
29  2 0.00000000E+00 0.00000000E+00 1.59127121E-01 0.00000000E+00 0.00000000E+00
29  3 4.64558727E-01 0.00000000E+00 0.00000000E+00 6.85361726E-02 0.00000000E+00
29  4 0.00000000E+00 3.25957904E-01 9.83616952E-01-1.45269442E-01-8.38347510E-01
29  5 0.00000000E+00 0.00000000E+00 0.00000000E+00-8.43191829E-01-1.47203439E-01
29  6 9.90395268E-01 0.00000000E+00 0.00000000E+00 0.00000000E+00 0.00000000E+00
29  7 0.00000000E+00-2.72102515E-01 0.00000000E+00 1.63508697E-01 0.00000000E+00
29  8 2.01555135E-01 0.00000000E+00 0.00000000E+00 0.00000000E+00 1.15304801E-01
29  9-1.83044942E-02-9.70003066E-02 0.00000000E+00 0.00000000E+00 0.00000000E+00
29 10 1.51094757E-04-4.51428723E-01-1.98997630E-01 1.15455856E-03 0.00000000E+00
29 11-4.95163881E-02-4.04897423E-01 0.00000000E+00 8.67427421E-02-9.03493346E-02
29 12 2.60202760E-02 6.43290586E-02 0.00000000E+00-1.32144603E-02 0.00000000E+00
29 13 1.51094757E-04-4.51428723E-01-1.98997630E-01-1.15455856E-03 0.00000000E+00
29 14-4.95163881E-02 4.04897423E-01 0.00000000E+00 8.67427421E-02-9.03493346E-02
29 15 2.60202760E-02 6.43290586E-02 0.00000000E+00 1.32144603E-02 0.00000000E+00
30  1 0.00000000E+00 0.00000000E+00 0.00000000E+00 0.00000000E+00 0.00000000E+00
30  2 0.00000000E+00 0.00000000E+00 0.00000000E+00 0.00000000E+00 0.00000000E+00
30  3 0.00000000E+00 0.00000000E+00 0.00000000E+00 0.00000000E+00 0.00000000E+00
30  4 0.00000000E+00 0.00000000E+00 0.00000000E+00 0.00000000E+00 0.00000000E+00
30  5-1.11701403E+00 0.00000000E+00 0.00000000E+00 0.00000000E+00 0.00000000E+00
30  6 0.00000000E+00 9.23477942E-01 0.00000000E+00 0.00000000E+00 0.00000000E+00
30  7 0.00000000E+00 0.00000000E+00 0.00000000E+00 0.00000000E+00 0.00000000E+00
30  8 0.00000000E+00 0.00000000E+00 0.00000000E+00-1.66151411E-01 0.00000000E+00
30  9 0.00000000E+00 0.00000000E+00-1.35072836E-01 0.00000000E+00 0.00000000E+00
30 10 0.00000000E+00 0.00000000E+00 0.00000000E+00 0.00000000E+00 3.80029432E-02
30 11 0.00000000E+00 0.00000000E+00 8.01907338E-02 0.00000000E+00 0.00000000E+00
30 12 0.00000000E+00 0.00000000E+00 4.81615745E-02 0.00000000E+00-4.54184096E-02
30 13 0.00000000E+00 0.00000000E+00 0.00000000E+00 0.00000000E+00-3.80029432E-02
30 14 0.00000000E+00 0.00000000E+00-8.01907338E-02 0.00000000E+00 0.00000000E+00
30 15 0.00000000E+00 0.00000000E+00 4.81615745E-02 0.00000000E+00 4.54184096E-02
31  1 0.00000000E+00 0.00000000E+00 0.00000000E+00 0.00000000E+00 0.00000000E+00
31  2 0.00000000E+00 3.75522305E-02 0.00000000E+00 0.00000000E+00 9.74629479E-02
31  3 0.00000000E+00 0.00000000E+00-1.07788196E-02 0.00000000E+00 0.00000000E+00
31  4 3.82581124E-02 0.00000000E+00 0.00000000E+00 0.00000000E+00 0.00000000E+00
31  5 0.00000000E+00 0.00000000E+00-1.11628638E+00 0.00000000E+00 0.00000000E+00
31  6 0.00000000E+00 0.00000000E+00 0.00000000E+00 9.49424440E-01 0.00000000E+00
31  7 1.89135238E-01 0.00000000E+00-1.36905552E-01 0.00000000E+00 0.00000000E+00
31  8 0.00000000E+00 0.00000000E+00-1.16845998E-01 0.00000000E+00 0.00000000E+00
31  9 0.00000000E+00 0.00000000E+00 0.00000000E+00 0.00000000E+00-1.34835329E-01
31 10 0.00000000E+00 0.00000000E+00 0.00000000E+00 0.00000000E+00-3.27722579E-02
31 11 0.00000000E+00 0.00000000E+00-1.22893308E-01 0.00000000E+00 0.00000000E+00
31 12 0.00000000E+00 0.00000000E+00-4.30994102E-02 0.00000000E+00 4.41796762E-02
31 13 0.00000000E+00 0.00000000E+00 0.00000000E+00 0.00000000E+00-3.27722579E-02
31 14 0.00000000E+00 0.00000000E+00-1.22893308E-01 0.00000000E+00 0.00000000E+00
31 15 0.00000000E+00 0.00000000E+00 4.30994102E-02 0.00000000E+00 4.41796762E-02
32  1 1.51920937E-02 1.44234814E-01 3.72646805E-01 1.49519162E-01 5.11624700E-01
32  2 0.00000000E+00 0.00000000E+00 1.35429040E-01 0.00000000E+00 0.00000000E+00
32  3 4.37196946E-01 0.00000000E+00 0.00000000E+00 1.50231946E-01 0.00000000E+00
32  4 0.00000000E+00 2.05839443E-02 4.50295962E-01-1.10397878E+00 6.53682822E-01
32  5 0.00000000E+00 0.00000000E+00 0.00000000E+00-1.85673675E-01 6.70394001E-01
32  6-4.84720326E-01 0.00000000E+00 0.00000000E+00 0.00000000E+00 0.00000000E+00
32  7 0.00000000E+00 1.30292239E-01 0.00000000E+00 2.98907844E-02 0.00000000E+00
32  8-2.04696167E-01 0.00000000E+00 0.00000000E+00 0.00000000E+00 5.54085052E-02
32  9-1.33019104E-01 7.76105990E-02 0.00000000E+00 0.00000000E+00 0.00000000E+00
32 10 3.07525366E-02-3.15743437E-01-1.66969452E-01 7.41655495E-02 0.00000000E+00
32 11-6.05464240E-02-3.87459548E-01 0.00000000E+00 4.55168161E-01 1.15169893E-02
32 12-1.16995753E-02 1.82585975E-04 0.00000000E+00-1.04378478E-02 0.00000000E+00
32 13 3.07525366E-02-3.15743437E-01-1.66969452E-01-7.41655495E-02 0.00000000E+00
32 14-6.05464240E-02 3.87459548E-01 0.00000000E+00 4.55168161E-01 1.15169893E-02
32 15-1.16995753E-02 1.82585975E-04 0.00000000E+00 1.04378478E-02 0.00000000E+00
33  1 0.00000000E+00 0.00000000E+00 0.00000000E+00 0.00000000E+00 0.00000000E+00
33  2-2.84919005E-02 0.00000000E+00 0.00000000E+00-3.80547817E-01 0.00000000E+00
33  3 0.00000000E+00-3.87504967E-01 0.00000000E+00 0.00000000E+00-1.33786127E-01
33  4 0.00000000E+00 0.00000000E+00 0.00000000E+00 0.00000000E+00 0.00000000E+00
33  5 0.00000000E+00-1.05929874E+00 0.00000000E+00 0.00000000E+00 0.00000000E+00
33  6 0.00000000E+00 0.00000000E+00 4.94586319E-01 0.00000000E+00-1.82767494E-01
33  7 0.00000000E+00 0.00000000E+00 0.00000000E+00 0.00000000E+00 1.72768964E-01
33  8 0.00000000E+00 7.24393609E-02 0.00000000E+00 0.00000000E+00 0.00000000E+00
33  9 0.00000000E+00 0.00000000E+00 0.00000000E+00-1.29328251E-01 0.00000000E+00
33 10-6.90211228E-02-1.78264047E-01-3.54427276E-01 1.06297804E-01 0.00000000E+00
33 11-1.16053650E-01-5.78560597E-01 0.00000000E+00 5.72600964E-01 2.37363765E-02
33 12-3.66154807E-02 1.28791043E-02 0.00000000E+00-2.15467548E-02 0.00000000E+00
33 13 6.90211228E-02 1.78264047E-01 3.54427276E-01 1.06297804E-01 0.00000000E+00
33 14 1.16053650E-01-5.78560597E-01 0.00000000E+00-5.72600964E-01-2.37363765E-02
33 15 3.66154807E-02-1.28791043E-02 0.00000000E+00-2.15467548E-02 0.00000000E+00
34  1 0.00000000E+00 0.00000000E+00 0.00000000E+00 0.00000000E+00 0.00000000E+00
34  2 0.00000000E+00 1.13712449E-03 0.00000000E+00 0.00000000E+00-1.27278725E-04
34  3 0.00000000E+00 0.00000000E+00-3.13417161E-03 0.00000000E+00 0.00000000E+00
34  4-1.23444228E-02 0.00000000E+00 0.00000000E+00 0.00000000E+00 0.00000000E+00
34  5 0.00000000E+00 0.00000000E+00 1.06514411E-02 0.00000000E+00 0.00000000E+00
34  6 0.00000000E+00 0.00000000E+00 0.00000000E+00-5.07048594E-02 0.00000000E+00
34  7-4.05618202E-02 0.00000000E+00-7.97271499E-01 0.00000000E+00 0.00000000E+00
34  8 0.00000000E+00 0.00000000E+00 8.51690892E-01 0.00000000E+00 0.00000000E+00
34  9 0.00000000E+00 0.00000000E+00 0.00000000E+00 0.00000000E+00-1.09024033E-03
34 10 0.00000000E+00 0.00000000E+00 0.00000000E+00 0.00000000E+00-2.09705739E-03
34 11 0.00000000E+00 0.00000000E+00 2.10784795E-02 0.00000000E+00 0.00000000E+00
34 12 0.00000000E+00 0.00000000E+00 6.55583097E-02 0.00000000E+00 6.88946362E-02
34 13 0.00000000E+00 0.00000000E+00 0.00000000E+00 0.00000000E+00-2.09705739E-03
34 14 0.00000000E+00 0.00000000E+00 2.10784795E-02 0.00000000E+00 0.00000000E+00
34 15 0.00000000E+00 0.00000000E+00-6.55583097E-02 0.00000000E+00 6.88946362E-02
35  1 0.00000000E+00 0.00000000E+00 0.00000000E+00 0.00000000E+00 0.00000000E+00
35  2 5.20332384E-02 0.00000000E+00 0.00000000E+00-2.59940905E-01 0.00000000E+00
35  3 0.00000000E+00-4.23736817E-01 0.00000000E+00 0.00000000E+00-8.97741226E-01
35  4 0.00000000E+00 0.00000000E+00 0.00000000E+00 0.00000000E+00 0.00000000E+00
35  5 0.00000000E+00 3.37940254E-01 0.00000000E+00 0.00000000E+00 0.00000000E+00
35  6 0.00000000E+00 0.00000000E+00-1.10654473E+00 0.00000000E+00-7.37356997E-01
35  7 0.00000000E+00 0.00000000E+00 0.00000000E+00 0.00000000E+00 1.04457354E+00
35  8 0.00000000E+00-5.53053208E-02 0.00000000E+00 0.00000000E+00 0.00000000E+00
35  9 0.00000000E+00 0.00000000E+00 0.00000000E+00 4.41621700E-02 0.00000000E+00
35 10 1.33803952E-01-1.13370883E+00-2.25088213E-01-2.79060072E-02 0.00000000E+00
35 11-4.73167476E-03-7.45127772E-02 0.00000000E+00 4.51600918E-01 6.61317036E-03
35 12-4.09049990E-02 3.42918287E-02 0.00000000E+00 4.56842870E-02 0.00000000E+00
35 13-1.33803952E-01 1.13370883E+00 2.25088213E-01-2.79060072E-02 0.00000000E+00
35 14 4.73167476E-03-7.45127772E-02 0.00000000E+00-4.51600918E-01-6.61317036E-03
35 15 4.09049990E-02-3.42918287E-02 0.00000000E+00 4.56842870E-02 0.00000000E+00
36  1 1.63026194E-03 1.84781593E-02 2.79540073E-02 1.41251593E-01-1.95380012E+00
36  2 0.00000000E+00 0.00000000E+00 3.07375191E-01 0.00000000E+00 0.00000000E+00
36  3 7.89862526E-02 0.00000000E+00 0.00000000E+00-7.49939407E-01 0.00000000E+00
36  4 0.00000000E+00-1.13144070E+00-1.01398810E-01-2.62474066E-01 3.63872876E-01
36  5 0.00000000E+00 0.00000000E+00 0.00000000E+00 8.22878386E-02 6.99884155E-01
36  6-7.82171994E-01 0.00000000E+00 0.00000000E+00 0.00000000E+00 0.00000000E+00
36  7 0.00000000E+00-5.15883085E-01 0.00000000E+00-3.05858788E-01 0.00000000E+00
36  8 9.97988575E-01 0.00000000E+00 0.00000000E+00 0.00000000E+00-7.75865897E-03
36  9-3.48040325E-02 4.25626914E-02 0.00000000E+00 0.00000000E+00 0.00000000E+00
36 10-7.57601126E-02 1.05953240E+00 4.16187370E-01-2.39123350E-02 0.00000000E+00
36 11 9.40462376E-03 5.31079625E-01 0.00000000E+00-8.41418817E-02-1.38893221E-02
36 12 4.27330191E-02-2.88436970E-02 0.00000000E+00-3.17435448E-02 0.00000000E+00
36 13-7.57601126E-02 1.05953240E+00 4.16187370E-01 2.39123350E-02 0.00000000E+00
36 14 9.40462376E-03-5.31079625E-01 0.00000000E+00-8.41418817E-02-1.38893221E-02
36 15 4.27330191E-02-2.88436970E-02 0.00000000E+00 3.17435448E-02 0.00000000E+00
37  1 0.00000000E+00 0.00000000E+00 0.00000000E+00 0.00000000E+00 0.00000000E+00
37  2-1.09303977E-01 0.00000000E+00 0.00000000E+00 3.29284947E-01 0.00000000E+00
37  3 0.00000000E+00 6.98860674E-01 0.00000000E+00 0.00000000E+00 7.40521057E-01
37  4 0.00000000E+00 0.00000000E+00 0.00000000E+00 0.00000000E+00 0.00000000E+00
37  5 0.00000000E+00-5.94467806E-02 0.00000000E+00 0.00000000E+00 0.00000000E+00
37  6 0.00000000E+00 0.00000000E+00 1.10169046E+00 0.00000000E+00-7.23546813E-01
37  7 0.00000000E+00 0.00000000E+00 0.00000000E+00 0.00000000E+00-1.60665152E-01
37  8 0.00000000E+00 1.13140507E+00 0.00000000E+00 0.00000000E+00 0.00000000E+00
37  9 0.00000000E+00 0.00000000E+00 0.00000000E+00-1.82195824E-02 0.00000000E+00
37 10-2.68772798E-01 1.54781667E+00 2.03969179E-01-5.10897880E-02 0.00000000E+00
37 11-2.38999484E-02 7.79056880E-01 0.00000000E+00-2.45631427E-01 1.52758590E-04
37 12-2.69875983E-02 2.68348397E-02 0.00000000E+00 6.02550370E-04 0.00000000E+00
37 13 2.68772798E-01-1.54781667E+00-2.03969179E-01-5.10897880E-02 0.00000000E+00
37 14 2.38999484E-02 7.79056880E-01 0.00000000E+00 2.45631427E-01-1.52758590E-04
37 15 2.69875983E-02-2.68348397E-02 0.00000000E+00 6.02550370E-04 0.00000000E+00
38  1 0.00000000E+00 0.00000000E+00 0.00000000E+00 0.00000000E+00 0.00000000E+00
38  2 0.00000000E+00-4.42704199E-01 0.00000000E+00 0.00000000E+00-5.24765063E-01
38  3 0.00000000E+00 0.00000000E+00 6.18804126E-01 0.00000000E+00 0.00000000E+00
38  4 4.64538875E-01 0.00000000E+00 0.00000000E+00 0.00000000E+00 0.00000000E+00
38  5 0.00000000E+00 0.00000000E+00-3.03971892E-01 0.00000000E+00 0.00000000E+00
38  6 0.00000000E+00 0.00000000E+00 0.00000000E+00 5.56875518E-01 0.00000000E+00
38  7-9.88093276E-01 0.00000000E+00 7.02880958E-01 0.00000000E+00 0.00000000E+00
38  8 0.00000000E+00 0.00000000E+00 6.22785282E-01 0.00000000E+00 0.00000000E+00
38  9 0.00000000E+00 0.00000000E+00 0.00000000E+00 0.00000000E+00-3.56598772E-02
38 10 0.00000000E+00 0.00000000E+00 0.00000000E+00 0.00000000E+00 4.47822066E-02
38 11 0.00000000E+00 0.00000000E+00-4.70137968E-01 0.00000000E+00 0.00000000E+00
38 12 0.00000000E+00 0.00000000E+00 1.27214281E-02 0.00000000E+00-2.16691272E-03
38 13 0.00000000E+00 0.00000000E+00 0.00000000E+00 0.00000000E+00 4.47822066E-02
38 14 0.00000000E+00 0.00000000E+00-4.70137968E-01 0.00000000E+00 0.00000000E+00
38 15 0.00000000E+00 0.00000000E+00-1.27214281E-02 0.00000000E+00-2.16691272E-03
39  1 0.00000000E+00 0.00000000E+00 0.00000000E+00 0.00000000E+00 0.00000000E+00
39  2 0.00000000E+00 0.00000000E+00 0.00000000E+00 0.00000000E+00 0.00000000E+00
39  3 0.00000000E+00 0.00000000E+00 0.00000000E+00 0.00000000E+00 0.00000000E+00
39  4 0.00000000E+00 0.00000000E+00 0.00000000E+00 0.00000000E+00 0.00000000E+00
39  5-3.31925787E-01 0.00000000E+00 0.00000000E+00 0.00000000E+00 0.00000000E+00
39  6 0.00000000E+00 6.57497279E-01 0.00000000E+00 0.00000000E+00 0.00000000E+00
39  7 0.00000000E+00 0.00000000E+00 0.00000000E+00 0.00000000E+00 0.00000000E+00
39  8 0.00000000E+00 0.00000000E+00 0.00000000E+00 1.09988628E+00 0.00000000E+00
39  9 0.00000000E+00 0.00000000E+00-4.04384416E-02 0.00000000E+00 0.00000000E+00
39 10 0.00000000E+00 0.00000000E+00 0.00000000E+00 0.00000000E+00-8.02466737E-02
39 11 0.00000000E+00 0.00000000E+00 5.81353795E-01 0.00000000E+00 0.00000000E+00
39 12 0.00000000E+00 0.00000000E+00-2.78374313E-03 0.00000000E+00 1.71697921E-02
39 13 0.00000000E+00 0.00000000E+00 0.00000000E+00 0.00000000E+00 8.02466737E-02
39 14 0.00000000E+00 0.00000000E+00-5.81353795E-01 0.00000000E+00 0.00000000E+00
39 15 0.00000000E+00 0.00000000E+00-2.78374313E-03 0.00000000E+00-1.71697921E-02
40  1 1.30243567E-02 1.15608278E-01 2.97374645E-01-2.13226192E-02 2.02321010E+00
40  2 0.00000000E+00 0.00000000E+00 6.92284925E-02 0.00000000E+00 0.00000000E+00
40  3 4.95523396E-01 0.00000000E+00 0.00000000E+00 4.13533909E-01 0.00000000E+00
40  4 0.00000000E+00 6.42162620E-01-3.84696110E-01 5.37066734E-02 3.30989436E-01
40  5 0.00000000E+00 0.00000000E+00 0.00000000E+00 1.14419388E+00-6.74415108E-01
40  6-4.69778769E-01 0.00000000E+00 0.00000000E+00 0.00000000E+00 0.00000000E+00
40  7 0.00000000E+00-8.67355150E-01 0.00000000E+00 1.13242421E+00 0.00000000E+00
40  8 3.12548345E-02 0.00000000E+00 0.00000000E+00 0.00000000E+00-4.97927469E-02
40  9 1.42848552E-02 3.55078917E-02 0.00000000E+00 0.00000000E+00 0.00000000E+00
40 10 3.39608737E-01-1.61190292E+00-2.82678258E-01-2.94679808E-02 0.00000000E+00
40 11-5.98143480E-02-1.22477438E-01 0.00000000E+00 9.18389416E-01-2.69542212E-02
40 12 6.02233937E-02-3.32691725E-02 0.00000000E+00-6.85123324E-03 0.00000000E+00
40 13 3.39608737E-01-1.61190292E+00-2.82678258E-01 2.94679808E-02 0.00000000E+00
40 14-5.98143480E-02 1.22477438E-01 0.00000000E+00 9.18389416E-01-2.69542212E-02
40 15 6.02233937E-02-3.32691725E-02 0.00000000E+00 6.85123324E-03 0.00000000E+00
41  1 0.00000000E+00 0.00000000E+00 0.00000000E+00 0.00000000E+00 0.00000000E+00
41  2 0.00000000E+00-1.45650985E+00 0.00000000E+00 0.00000000E+00-1.98175759E+00
41  3 0.00000000E+00 0.00000000E+00 1.82112612E+00 0.00000000E+00 0.00000000E+00
41  4 4.98271036E-01 0.00000000E+00 0.00000000E+00 0.00000000E+00 0.00000000E+00
41  5 0.00000000E+00 0.00000000E+00 1.33393738E-01 0.00000000E+00 0.00000000E+00
41  6 0.00000000E+00 0.00000000E+00 0.00000000E+00-3.36757576E-01 0.00000000E+00
41  7 3.96736377E-01 0.00000000E+00-2.87730379E-01 0.00000000E+00 0.00000000E+00
41  8 0.00000000E+00 0.00000000E+00-2.44547326E-01 0.00000000E+00 0.00000000E+00
41  9 0.00000000E+00 0.00000000E+00 0.00000000E+00 0.00000000E+00 1.63551849E-02
41 10 0.00000000E+00 0.00000000E+00 0.00000000E+00 0.00000000E+00-4.02188097E-02
41 11 0.00000000E+00 0.00000000E+00 3.40447928E-01 0.00000000E+00 0.00000000E+00
41 12 0.00000000E+00 0.00000000E+00-3.05494142E-03 0.00000000E+00-8.54240358E-03
41 13 0.00000000E+00 0.00000000E+00 0.00000000E+00 0.00000000E+00-4.02188097E-02
41 14 0.00000000E+00 0.00000000E+00 3.40447928E-01 0.00000000E+00 0.00000000E+00
41 15 0.00000000E+00 0.00000000E+00 3.05494142E-03 0.00000000E+00-8.54240358E-03
42  1 6.55052072E-02 2.59446189E-01-2.58484083E-01-4.24699424E-01-4.56921794E+00
42  2 0.00000000E+00 0.00000000E+00-2.48218508E+00 0.00000000E+00 0.00000000E+00
42  3-4.42909667E+00 0.00000000E+00 0.00000000E+00 1.88666788E+00 0.00000000E+00
42  4 0.00000000E+00-8.24522387E-01-1.28012069E-01 4.24799636E-02 8.55321050E-02
42  5 0.00000000E+00 0.00000000E+00 0.00000000E+00-4.87097885E-01 1.43839326E+00
42  6-9.51295378E-01 0.00000000E+00 0.00000000E+00 0.00000000E+00 0.00000000E+00
42  7 0.00000000E+00 8.41798226E-02 0.00000000E+00-8.89862935E-01 0.00000000E+00
42  8 7.76923851E-01 0.00000000E+00 0.00000000E+00 0.00000000E+00-8.60704389E-03
42  9-6.75846960E-03 1.53655135E-02 0.00000000E+00 0.00000000E+00 0.00000000E+00
42 10-1.72343668E-01 3.09347066E+00 7.09606879E-01 1.78050106E-02 0.00000000E+00
42 11-1.98382821E-02 1.32562893E+00 0.00000000E+00-9.22871382E-01 3.72540149E-02
42 12-6.75608065E-02 3.03067916E-02 0.00000000E+00-1.85262840E-01 0.00000000E+00
42 13-1.72343668E-01 3.09347066E+00 7.09606879E-01-1.78050106E-02 0.00000000E+00
42 14-1.98382821E-02-1.32562893E+00 0.00000000E+00-9.22871382E-01 3.72540149E-02
42 15-6.75608065E-02 3.03067916E-02 0.00000000E+00 1.85262840E-01 0.00000000E+00
43  1 1.72922417E-02 1.27552987E-01 2.29973732E-01-3.93852197E-02 1.39577060E+00
43  2 0.00000000E+00 0.00000000E+00 4.26363998E-01 0.00000000E+00 0.00000000E+00
43  3 8.70299406E-01 0.00000000E+00 0.00000000E+00-1.42673022E-01 0.00000000E+00
43  4 0.00000000E+00 6.37144457E-01 9.78476892E-02 6.26551658E-02-1.60502855E-01
43  5 0.00000000E+00 0.00000000E+00 0.00000000E+00-8.12579217E-02-4.39060511E-01
43  6 5.20318433E-01 0.00000000E+00 0.00000000E+00 0.00000000E+00 0.00000000E+00
43  7 0.00000000E+00 2.69279857E-01 0.00000000E+00-4.61550969E-01 0.00000000E+00
43  8 1.00274130E-01 0.00000000E+00 0.00000000E+00 0.00000000E+00 8.12913618E-03
43  9 2.49745198E-02-3.31036560E-02 0.00000000E+00 0.00000000E+00 0.00000000E+00
43 10 1.07397683E+00-1.92006510E+00 5.94217053E-02 3.18878659E-02 0.00000000E+00
43 11 7.63195418E-02-5.29703822E-01 0.00000000E+00 9.84625740E-02 4.98045992E-02
43 12-2.13219347E-02-2.84826645E-02 0.00000000E+00-1.26331945E-01 0.00000000E+00
43 13 1.07397683E+00-1.92006510E+00 5.94217053E-02-3.18878659E-02 0.00000000E+00
43 14 7.63195418E-02 5.29703822E-01 0.00000000E+00 9.84625740E-02 4.98045992E-02
43 15-2.13219347E-02-2.84826645E-02 0.00000000E+00 1.26331945E-01 0.00000000E+00
44  1 0.00000000E+00 0.00000000E+00 0.00000000E+00 0.00000000E+00 0.00000000E+00
44  2 2.01730805E+00 0.00000000E+00 0.00000000E+00 3.79770194E+00 0.00000000E+00
44  3 0.00000000E+00-1.26473678E+00 0.00000000E+00 0.00000000E+00 3.30883798E-01
44  4 0.00000000E+00 0.00000000E+00 0.00000000E+00 0.00000000E+00 0.00000000E+00
44  5 0.00000000E+00 2.08291950E-01 0.00000000E+00 0.00000000E+00 0.00000000E+00
44  6 0.00000000E+00 0.00000000E+00 1.85285082E+00 0.00000000E+00 1.11462936E-02
44  7 0.00000000E+00 0.00000000E+00 0.00000000E+00 0.00000000E+00-2.35342704E-01
44  8 0.00000000E+00 2.20388382E-01 0.00000000E+00 0.00000000E+00 0.00000000E+00
44  9 0.00000000E+00 0.00000000E+00 0.00000000E+00 5.92612491E-03 0.00000000E+00
44 10-1.02732934E+00 3.63080181E+00-2.70576365E-01 6.30464463E-02 0.00000000E+00
44 11 1.00254104E-02 9.65414712E-01 0.00000000E+00-1.16760893E+00-5.64173688E-03
44 12 4.48431708E-02-3.92014340E-02 0.00000000E+00 2.09789337E-03 0.00000000E+00
44 13 1.02732934E+00-3.63080181E+00 2.70576365E-01 6.30464463E-02 0.00000000E+00
44 14-1.00254104E-02 9.65414712E-01 0.00000000E+00 1.16760893E+00 5.64173688E-03
44 15-4.48431708E-02 3.92014340E-02 0.00000000E+00 2.09789337E-03 0.00000000E+00
45  1 0.00000000E+00 0.00000000E+00 0.00000000E+00 0.00000000E+00 0.00000000E+00
45  2 2.78334434E+00 0.00000000E+00 0.00000000E+00 5.18966931E+00 0.00000000E+00
45  3 0.00000000E+00-1.89582387E+00 0.00000000E+00 0.00000000E+00 6.09132067E-01
45  4 0.00000000E+00 0.00000000E+00 0.00000000E+00 0.00000000E+00 0.00000000E+00
45  5 0.00000000E+00 2.13041897E-01 0.00000000E+00 0.00000000E+00 0.00000000E+00
45  6 0.00000000E+00 0.00000000E+00 2.86440332E+00 0.00000000E+00-1.57470827E-01
45  7 0.00000000E+00 0.00000000E+00 0.00000000E+00 0.00000000E+00-9.96161577E-01
45  8 0.00000000E+00 1.20743086E+00 0.00000000E+00 0.00000000E+00 0.00000000E+00
45  9 0.00000000E+00 0.00000000E+00 0.00000000E+00 3.11179568E-02 0.00000000E+00
45 10 3.43520641E-01 3.26392304E+00 5.69073537E-01-9.77801933E-02 0.00000000E+00
45 11 1.17013588E-02 1.44402435E+00 0.00000000E+00-1.44880789E+00 6.69878706E-02
45 12-1.84544197E-01 1.17556327E-01 0.00000000E+00-1.90088347E-01 0.00000000E+00
45 13-3.43520641E-01-3.26392304E+00-5.69073537E-01-9.77801933E-02 0.00000000E+00
45 14-1.17013588E-02 1.44402435E+00 0.00000000E+00 1.44880789E+00-6.69878706E-02
45 15 1.84544197E-01-1.17556327E-01 0.00000000E+00-1.90088347E-01 0.00000000E+00
46  1 0.00000000E+00 0.00000000E+00 0.00000000E+00 0.00000000E+00 0.00000000E+00
46  2 0.00000000E+00 0.00000000E+00 0.00000000E+00 0.00000000E+00 0.00000000E+00
46  3 0.00000000E+00 0.00000000E+00 0.00000000E+00 0.00000000E+00 0.00000000E+00
46  4 0.00000000E+00 0.00000000E+00 0.00000000E+00 0.00000000E+00 0.00000000E+00
46  5 7.00238640E-02 0.00000000E+00 0.00000000E+00 0.00000000E+00 0.00000000E+00
46  6 0.00000000E+00-1.62631234E-01 0.00000000E+00 0.00000000E+00 0.00000000E+00
46  7 0.00000000E+00 0.00000000E+00 0.00000000E+00 0.00000000E+00 0.00000000E+00
46  8 0.00000000E+00 0.00000000E+00 0.00000000E+00 4.85365294E-02 0.00000000E+00
46  9 0.00000000E+00 0.00000000E+00 1.00146774E-02 0.00000000E+00 0.00000000E+00
46 10 0.00000000E+00 0.00000000E+00 0.00000000E+00 0.00000000E+00 4.55738785E-02
46 11 0.00000000E+00 0.00000000E+00-4.54424844E-02 0.00000000E+00 0.00000000E+00
46 12 0.00000000E+00 0.00000000E+00 5.52956935E-01 0.00000000E+00 4.51104091E-01
46 13 0.00000000E+00 0.00000000E+00 0.00000000E+00 0.00000000E+00-4.55738785E-02
46 14 0.00000000E+00 0.00000000E+00 4.54424844E-02 0.00000000E+00 0.00000000E+00
46 15 0.00000000E+00 0.00000000E+00 5.52956935E-01 0.00000000E+00-4.51104091E-01
47  1 1.04460477E-02 5.10444626E-02 2.43466321E-02-3.38549199E-02-7.02714329E-01
47  2 0.00000000E+00 0.00000000E+00-1.83721942E-01 0.00000000E+00 0.00000000E+00
47  3-3.52370768E-01 0.00000000E+00 0.00000000E+00 9.02875127E-02 0.00000000E+00
47  4 0.00000000E+00-2.59659241E-01-1.76835288E-02-5.88017550E-02 7.64852837E-02
47  5 0.00000000E+00 0.00000000E+00 0.00000000E+00-1.17912988E-01 3.74795908E-01
47  6-2.56882920E-01 0.00000000E+00 0.00000000E+00 0.00000000E+00 0.00000000E+00
47  7 0.00000000E+00-2.17945885E-01 0.00000000E+00-3.17364022E-02 0.00000000E+00
47  8 3.24141491E-01 0.00000000E+00 0.00000000E+00 0.00000000E+00-1.58484247E-02
47  9-8.91060658E-03 2.47590313E-02 0.00000000E+00 0.00000000E+00 0.00000000E+00
47 10 7.26029025E-02 3.08596120E-01 1.66240385E-01-2.30967156E-01 0.00000000E+00
47 11-8.48068132E-02 2.77828870E-01 0.00000000E+00-3.74843959E-02 2.58345748E-01
47 12-6.22358013E-01 3.64012265E-01 0.00000000E+00 2.82565473E-01 0.00000000E+00
47 13 7.26029025E-02 3.08596120E-01 1.66240385E-01 2.30967156E-01 0.00000000E+00
47 14-8.48068132E-02-2.77828870E-01 0.00000000E+00-3.74843959E-02 2.58345748E-01
47 15-6.22358013E-01 3.64012265E-01 0.00000000E+00-2.82565473E-01 0.00000000E+00
48  1 0.00000000E+00 0.00000000E+00 0.00000000E+00 0.00000000E+00 0.00000000E+00
48  2-3.17214361E-01 0.00000000E+00 0.00000000E+00-6.13178066E-01 0.00000000E+00
48  3 0.00000000E+00 1.93372803E-01 0.00000000E+00 0.00000000E+00-8.63248098E-03
48  4 0.00000000E+00 0.00000000E+00 0.00000000E+00 0.00000000E+00 0.00000000E+00
48  5 0.00000000E+00 1.65199649E-02 0.00000000E+00 0.00000000E+00 0.00000000E+00
48  6 0.00000000E+00 0.00000000E+00-3.91897577E-01 0.00000000E+00 1.16744681E-01
48  7 0.00000000E+00 0.00000000E+00 0.00000000E+00 0.00000000E+00-1.28938264E-01
48  8 0.00000000E+00-2.76911614E-02 0.00000000E+00 0.00000000E+00 0.00000000E+00
48  9 0.00000000E+00 0.00000000E+00 0.00000000E+00 8.21640706E-03 0.00000000E+00
48 10 1.34358118E-03-3.89094138E-01-4.87251587E-02 2.95272767E-01 0.00000000E+00
48 11 1.83018737E-01-3.01149032E-01 0.00000000E+00 6.97097444E-02 4.08313110E-01
48 12-5.27481382E-01 1.19168271E-01 0.00000000E+00 3.56204955E-01 0.00000000E+00
48 13-1.34358118E-03 3.89094138E-01 4.87251587E-02 2.95272767E-01 0.00000000E+00
48 14-1.83018737E-01-3.01149032E-01 0.00000000E+00-6.97097444E-02-4.08313110E-01
48 15 5.27481382E-01-1.19168271E-01 0.00000000E+00 3.56204955E-01 0.00000000E+00
49  1 0.00000000E+00 0.00000000E+00 0.00000000E+00 0.00000000E+00 0.00000000E+00
49  2 0.00000000E+00-3.60827521E-02 0.00000000E+00 0.00000000E+00-8.44238932E-02
49  3 0.00000000E+00 0.00000000E+00 1.85234037E-02 0.00000000E+00 0.00000000E+00
49  4 5.10575438E-02 0.00000000E+00 0.00000000E+00 0.00000000E+00 0.00000000E+00
49  5 0.00000000E+00 0.00000000E+00-8.51897180E-02 0.00000000E+00 0.00000000E+00
49  6 0.00000000E+00 0.00000000E+00 0.00000000E+00 1.54048504E-01 0.00000000E+00
49  7 5.95337380E-02 0.00000000E+00-4.05819593E-01 0.00000000E+00 0.00000000E+00
49  8 0.00000000E+00 0.00000000E+00 3.25946702E-01 0.00000000E+00 0.00000000E+00
49  9 0.00000000E+00 0.00000000E+00 0.00000000E+00 0.00000000E+00-1.86299440E-02
49 10 0.00000000E+00 0.00000000E+00 0.00000000E+00 0.00000000E+00 8.10672335E-02
49 11 0.00000000E+00 0.00000000E+00-4.90812594E-02 0.00000000E+00 0.00000000E+00
49 12 0.00000000E+00 0.00000000E+00-3.96713314E-01 0.00000000E+00-6.16217800E-01
49 13 0.00000000E+00 0.00000000E+00 0.00000000E+00 0.00000000E+00 8.10672335E-02
49 14 0.00000000E+00 0.00000000E+00-4.90812594E-02 0.00000000E+00 0.00000000E+00
49 15 0.00000000E+00 0.00000000E+00 3.96713314E-01 0.00000000E+00-6.16217800E-01
50  1 0.00000000E+00 0.00000000E+00 0.00000000E+00 0.00000000E+00 0.00000000E+00
50  2 0.00000000E+00-1.41327788E-01 0.00000000E+00 0.00000000E+00-2.64048166E-01
50  3 0.00000000E+00 0.00000000E+00 1.46682040E-01 0.00000000E+00 0.00000000E+00
50  4 2.31362101E-01 0.00000000E+00 0.00000000E+00 0.00000000E+00 0.00000000E+00
50  5 0.00000000E+00 0.00000000E+00-8.71948897E-02 0.00000000E+00 0.00000000E+00
50  6 0.00000000E+00 0.00000000E+00 0.00000000E+00 1.22832923E-02 0.00000000E+00
50  7 2.56984134E-01 0.00000000E+00-1.28922427E-01 0.00000000E+00 0.00000000E+00
50  8 0.00000000E+00 0.00000000E+00-2.15857969E-01 0.00000000E+00 0.00000000E+00
50  9 0.00000000E+00 0.00000000E+00 0.00000000E+00 0.00000000E+00-6.94353964E-02
50 10 0.00000000E+00 0.00000000E+00 0.00000000E+00 0.00000000E+00 8.48602709E-01
50 11 0.00000000E+00 0.00000000E+00-4.26422573E-01 0.00000000E+00 0.00000000E+00
50 12 0.00000000E+00 0.00000000E+00 2.59252285E-01 0.00000000E+00-9.41093802E-02
50 13 0.00000000E+00 0.00000000E+00 0.00000000E+00 0.00000000E+00 8.48602709E-01
50 14 0.00000000E+00 0.00000000E+00-4.26422573E-01 0.00000000E+00 0.00000000E+00
50 15 0.00000000E+00 0.00000000E+00-2.59252285E-01 0.00000000E+00-9.41093802E-02
51  1 0.00000000E+00 0.00000000E+00 0.00000000E+00 0.00000000E+00 0.00000000E+00
51  2-1.37966115E-01 0.00000000E+00 0.00000000E+00-2.50169539E-01 0.00000000E+00
51  3 0.00000000E+00 1.10738656E-02 0.00000000E+00 0.00000000E+00-4.27355462E-01
51  4 0.00000000E+00 0.00000000E+00 0.00000000E+00 0.00000000E+00 0.00000000E+00
51  5 0.00000000E+00 4.21126738E-02 0.00000000E+00 0.00000000E+00 0.00000000E+00
51  6 0.00000000E+00 0.00000000E+00-4.95974688E-01 0.00000000E+00 5.16843057E-01
51  7 0.00000000E+00 0.00000000E+00 0.00000000E+00 0.00000000E+00-1.49357632E-01
51  8 0.00000000E+00-5.44060094E-01 0.00000000E+00 0.00000000E+00 0.00000000E+00
51  9 0.00000000E+00 0.00000000E+00 0.00000000E+00 3.89187088E-02 0.00000000E+00
51 10-6.67508158E-02-4.22833918E-01-2.79703378E-01-2.13959533E-01 0.00000000E+00
51 11-5.97808885E-01-1.82649460E-01 0.00000000E+00 4.31802148E-01-3.00572285E-01
51 12-2.33410949E-01 5.33983233E-01 0.00000000E+00 2.10818475E-01 0.00000000E+00
51 13 6.67508158E-02 4.22833918E-01 2.79703378E-01-2.13959533E-01 0.00000000E+00
51 14 5.97808885E-01-1.82649460E-01 0.00000000E+00-4.31802148E-01 3.00572285E-01
51 15 2.33410949E-01-5.33983233E-01 0.00000000E+00 2.10818475E-01 0.00000000E+00
52  1 0.00000000E+00 0.00000000E+00 0.00000000E+00 0.00000000E+00 0.00000000E+00
52  2 0.00000000E+00 0.00000000E+00 0.00000000E+00 0.00000000E+00 0.00000000E+00
52  3 0.00000000E+00 0.00000000E+00 0.00000000E+00 0.00000000E+00 0.00000000E+00
52  4 0.00000000E+00 0.00000000E+00 0.00000000E+00 0.00000000E+00 0.00000000E+00
52  5-6.44430095E-02 0.00000000E+00 0.00000000E+00 0.00000000E+00 0.00000000E+00
52  6 0.00000000E+00 2.14011896E-02 0.00000000E+00 0.00000000E+00 0.00000000E+00
52  7 0.00000000E+00 0.00000000E+00 0.00000000E+00 0.00000000E+00 0.00000000E+00
52  8 0.00000000E+00 0.00000000E+00 0.00000000E+00-3.08478419E-01 0.00000000E+00
52  9 0.00000000E+00 0.00000000E+00-6.26401117E-02 0.00000000E+00 0.00000000E+00
52 10 0.00000000E+00 0.00000000E+00 0.00000000E+00 0.00000000E+00-8.84247844E-01
52 11 0.00000000E+00 0.00000000E+00 4.35386515E-01 0.00000000E+00 0.00000000E+00
52 12 0.00000000E+00 0.00000000E+00-8.66213315E-02 0.00000000E+00 1.61302499E-01
52 13 0.00000000E+00 0.00000000E+00 0.00000000E+00 0.00000000E+00 8.84247844E-01
52 14 0.00000000E+00 0.00000000E+00-4.35386515E-01 0.00000000E+00 0.00000000E+00
52 15 0.00000000E+00 0.00000000E+00-8.66213315E-02 0.00000000E+00-1.61302499E-01
53  1 1.26900119E-01 7.09339817E-01 6.35361920E-01-6.16488697E-01 3.68284638E-01
53  2 0.00000000E+00 0.00000000E+00 2.61942159E-01 0.00000000E+00 0.00000000E+00
53  3 4.77620043E-01 0.00000000E+00 0.00000000E+00-1.49613335E-01 0.00000000E+00
53  4 0.00000000E+00 2.86293826E-01-1.06621617E-02 4.19322675E-02-3.12701058E-02
53  5 0.00000000E+00 0.00000000E+00 0.00000000E+00-2.12344442E-01-1.22175741E-01
53  6 3.34520183E-01 0.00000000E+00 0.00000000E+00 0.00000000E+00 0.00000000E+00
53  7 0.00000000E+00-7.89797462E-02 0.00000000E+00 4.95457995E-02 0.00000000E+00
53  8 5.64166493E-02 0.00000000E+00 0.00000000E+00 0.00000000E+00 1.72503997E-02
53  9 2.67806815E-02-4.40310812E-02 0.00000000E+00 0.00000000E+00 0.00000000E+00
53 10 5.26285166E-03-3.14842237E-01-1.24679009E-01 7.49671502E-01 0.00000000E+00
53 11 4.12454960E-01-6.49137319E-01 0.00000000E+00-2.14328230E-01-2.85173815E-02
53 12-1.92435641E-01 2.20953023E-01 0.00000000E+00 7.06444297E-02 0.00000000E+00
53 13 5.26285166E-03-3.14842237E-01-1.24679009E-01-7.49671502E-01 0.00000000E+00
53 14 4.12454960E-01 6.49137319E-01 0.00000000E+00-2.14328230E-01-2.85173815E-02
53 15-1.92435641E-01 2.20953023E-01 0.00000000E+00-7.06444297E-02 0.00000000E+00
54  1 3.89450861E-01 2.18013230E+00 1.96699553E+00-1.80548657E+00 8.34971794E-02
54  2 0.00000000E+00 0.00000000E+00 5.09657929E-01 0.00000000E+00 0.00000000E+00
54  3 7.85271475E-01 0.00000000E+00 0.00000000E+00-4.45369909E-01 0.00000000E+00
54  4 0.00000000E+00-1.41508366E-02-5.28885050E-02 1.22480700E-01-6.95921950E-02
54  5 0.00000000E+00 0.00000000E+00 0.00000000E+00 2.31169653E-01-2.09526390E-01
54  6-2.16432629E-02 0.00000000E+00 0.00000000E+00 0.00000000E+00 0.00000000E+00
54  7 0.00000000E+00 1.23922489E-02 0.00000000E+00-1.14730079E-01 0.00000000E+00
54  8 9.81041321E-02 0.00000000E+00 0.00000000E+00 0.00000000E+00-3.80589932E-02
54  9 6.32276401E-02-2.51686470E-02 0.00000000E+00 0.00000000E+00 0.00000000E+00
54 10 7.11808663E-02-4.70807533E-01-1.33265070E-01 2.92981992E-01 0.00000000E+00
54 11-7.09767841E-01-3.86872365E-01 0.00000000E+00 6.92616069E-01 1.47870127E-01
54 12-9.67743736E-02-5.10957529E-02 0.00000000E+00-1.53952262E-01 0.00000000E+00
54 13 7.11808663E-02-4.70807533E-01-1.33265070E-01-2.92981992E-01 0.00000000E+00
54 14-7.09767841E-01 3.86872365E-01 0.00000000E+00 6.92616069E-01 1.47870127E-01
54 15-9.67743736E-02-5.10957529E-02 0.00000000E+00 1.53952262E-01 0.00000000E+00
55  1 0.00000000E+00 0.00000000E+00 0.00000000E+00 0.00000000E+00 0.00000000E+00
55  2 0.00000000E+00 0.00000000E+00 0.00000000E+00 0.00000000E+00 0.00000000E+00
55  3 0.00000000E+00 0.00000000E+00 0.00000000E+00 0.00000000E+00 0.00000000E+00
55  4 0.00000000E+00 0.00000000E+00 0.00000000E+00 0.00000000E+00 0.00000000E+00
55  5 1.25874768E-01 0.00000000E+00 0.00000000E+00 0.00000000E+00 0.00000000E+00
55  6 0.00000000E+00 5.96053768E-01 0.00000000E+00 0.00000000E+00 0.00000000E+00
55  7 0.00000000E+00 0.00000000E+00 0.00000000E+00 0.00000000E+00 0.00000000E+00
55  8 0.00000000E+00 0.00000000E+00 0.00000000E+00 7.35995582E-01 0.00000000E+00
55  9 0.00000000E+00 0.00000000E+00 9.39605563E-02 0.00000000E+00 0.00000000E+00
55 10 0.00000000E+00 0.00000000E+00 0.00000000E+00 0.00000000E+00-2.45347499E-01
55 11 0.00000000E+00 0.00000000E+00 6.61466723E-01 0.00000000E+00 0.00000000E+00
55 12 0.00000000E+00 0.00000000E+00 5.60368381E-01 0.00000000E+00-6.64593027E-01
55 13 0.00000000E+00 0.00000000E+00 0.00000000E+00 0.00000000E+00 2.45347499E-01
55 14 0.00000000E+00 0.00000000E+00-6.61466723E-01 0.00000000E+00 0.00000000E+00
55 15 0.00000000E+00 0.00000000E+00 5.60368381E-01 0.00000000E+00 6.64593027E-01
56  1 0.00000000E+00 0.00000000E+00 0.00000000E+00 0.00000000E+00 0.00000000E+00
56  2 1.89655778E-01 0.00000000E+00 0.00000000E+00 4.02482466E-01 0.00000000E+00
56  3 0.00000000E+00-5.03458877E-02 0.00000000E+00 0.00000000E+00 2.17246366E-01
56  4 0.00000000E+00 0.00000000E+00 0.00000000E+00 0.00000000E+00 0.00000000E+00
56  5 0.00000000E+00-4.47906016E-02 0.00000000E+00 0.00000000E+00 0.00000000E+00
56  6 0.00000000E+00 0.00000000E+00-8.89303099E-03 0.00000000E+00 4.52565195E-01
56  7 0.00000000E+00 0.00000000E+00 0.00000000E+00 0.00000000E+00-4.34722266E-02
56  8 0.00000000E+00-5.63707698E-01 0.00000000E+00 0.00000000E+00 0.00000000E+00
56  9 0.00000000E+00 0.00000000E+00 0.00000000E+00-6.40132243E-02 0.00000000E+00
56 10-9.13494798E-02 8.91097345E-02 1.25382497E-01 1.94096897E-01 0.00000000E+00
56 11 6.05114244E-01-3.50107861E-01 0.00000000E+00-6.63039822E-01-5.79477347E-01
56 12-1.71536042E-02 5.96630951E-01 0.00000000E+00-4.28165126E-02 0.00000000E+00
56 13 9.13494798E-02-8.91097345E-02-1.25382497E-01 1.94096897E-01 0.00000000E+00
56 14-6.05114244E-01-3.50107861E-01 0.00000000E+00 6.63039822E-01 5.79477347E-01
56 15 1.71536042E-02-5.96630951E-01 0.00000000E+00-4.28165126E-02 0.00000000E+00
57  1 0.00000000E+00 0.00000000E+00 0.00000000E+00 0.00000000E+00 0.00000000E+00
57  2 0.00000000E+00-3.80684140E-01 0.00000000E+00 0.00000000E+00-8.04023216E-01
57  3 0.00000000E+00 0.00000000E+00 2.28471390E-01 0.00000000E+00 0.00000000E+00
57  4-1.00635624E-01 0.00000000E+00 0.00000000E+00 0.00000000E+00 0.00000000E+00
57  5 0.00000000E+00 0.00000000E+00-1.01372957E-01 0.00000000E+00 0.00000000E+00
57  6 0.00000000E+00 0.00000000E+00 0.00000000E+00-6.12521845E-01 0.00000000E+00
57  7 5.53896149E-01 0.00000000E+00-3.37639566E-01 0.00000000E+00 0.00000000E+00
57  8 0.00000000E+00 0.00000000E+00-4.05490098E-01 0.00000000E+00 0.00000000E+00
57  9 0.00000000E+00 0.00000000E+00 0.00000000E+00 0.00000000E+00-7.83918489E-02
57 10 0.00000000E+00 0.00000000E+00 0.00000000E+00 0.00000000E+00-3.62711838E-01
57 11 0.00000000E+00 0.00000000E+00 7.49227027E-01 0.00000000E+00 0.00000000E+00
57 12 0.00000000E+00 0.00000000E+00 6.82429558E-01 0.00000000E+00-4.84036766E-01
57 13 0.00000000E+00 0.00000000E+00 0.00000000E+00 0.00000000E+00-3.62711838E-01
57 14 0.00000000E+00 0.00000000E+00 7.49227027E-01 0.00000000E+00 0.00000000E+00
57 15 0.00000000E+00 0.00000000E+00-6.82429558E-01 0.00000000E+00-4.84036766E-01
58  1 0.00000000E+00 0.00000000E+00 0.00000000E+00 0.00000000E+00 0.00000000E+00
58  2 5.83367054E-01 0.00000000E+00 0.00000000E+00 1.23631550E+00 0.00000000E+00
58  3 0.00000000E+00-4.10903852E-01 0.00000000E+00 0.00000000E+00 5.71297562E-02
58  4 0.00000000E+00 0.00000000E+00 0.00000000E+00 0.00000000E+00 0.00000000E+00
58  5 0.00000000E+00 1.15877426E-01 0.00000000E+00 0.00000000E+00 0.00000000E+00
58  6 0.00000000E+00 0.00000000E+00 9.28149038E-01 0.00000000E+00-1.89058997E-01
58  7 0.00000000E+00 0.00000000E+00 0.00000000E+00 0.00000000E+00-4.29949734E-01
58  8 0.00000000E+00 6.83598995E-01 0.00000000E+00 0.00000000E+00 0.00000000E+00
58  9 0.00000000E+00 0.00000000E+00 0.00000000E+00 2.12328173E-01 0.00000000E+00
58 10 2.33530487E-01 9.22768328E-01-3.04288079E-01 9.08275811E-01 0.00000000E+00
58 11-4.00416129E-01-3.46355596E-01 0.00000000E+00-4.62857407E-02-1.07069279E-01
58 12 1.26956552E-01-1.98872727E-02 0.00000000E+00-1.41516813E-01 0.00000000E+00
58 13-2.33530487E-01-9.22768328E-01 3.04288079E-01 9.08275811E-01 0.00000000E+00
58 14 4.00416129E-01-3.46355596E-01 0.00000000E+00 4.62857407E-02 1.07069279E-01
58 15-1.26956552E-01 1.98872727E-02 0.00000000E+00-1.41516813E-01 0.00000000E+00
59  1 6.68331111E-03 3.14146862E-02 2.05210365E-02-2.41947218E-02-7.07117633E-01
59  2 0.00000000E+00 0.00000000E+00-5.35214842E-01 0.00000000E+00 0.00000000E+00
59  3-1.06575318E+00 0.00000000E+00 0.00000000E+00 3.35989370E-01 0.00000000E+00
59  4 0.00000000E+00-2.81839344E-01 1.13848481E-01-3.15096774E-02-8.23388039E-02
59  5 0.00000000E+00 0.00000000E+00 0.00000000E+00 8.35901400E-01 2.04364917E-01
59  6-1.04026632E+00 0.00000000E+00 0.00000000E+00 0.00000000E+00 0.00000000E+00
59  7 0.00000000E+00-8.25712748E-01 0.00000000E+00 8.19492936E-01 0.00000000E+00
59  8 2.88316965E-01 0.00000000E+00 0.00000000E+00 0.00000000E+00 1.59952184E-01
59  9-2.91445468E-02-1.30807637E-01 0.00000000E+00 0.00000000E+00 0.00000000E+00
59 10-1.67088951E-01 4.86150196E-01 1.18865131E-01-3.53784786E-02 0.00000000E+00
59 11 1.62098140E-01 6.79553934E-01 0.00000000E+00 3.44572846E-01 8.45535751E-01
59 12-9.25671015E-02-7.52968649E-01 0.00000000E+00 1.00362291E-01 0.00000000E+00
59 13-1.67088951E-01 4.86150196E-01 1.18865131E-01 3.53784786E-02 0.00000000E+00
59 14 1.62098140E-01-6.79553934E-01 0.00000000E+00 3.44572846E-01 8.45535751E-01
59 15-9.25671015E-02-7.52968649E-01 0.00000000E+00-1.00362291E-01 0.00000000E+00
60  1 2.37748209E-01 1.18335614E+00 7.01982114E-01-1.57997741E+00-1.28137094E+00
60  2 0.00000000E+00 0.00000000E+00 1.52481292E-01 0.00000000E+00 0.00000000E+00
60  3-7.38925042E-03 0.00000000E+00 0.00000000E+00-6.73723922E-01 0.00000000E+00
60  4 0.00000000E+00-3.21972681E-01-1.41274425E-01 2.47963122E-01-1.06688697E-01
60  5 0.00000000E+00 0.00000000E+00 0.00000000E+00-4.06387628E-02-8.17565268E-02
60  6 1.22395290E-01 0.00000000E+00 0.00000000E+00 0.00000000E+00 0.00000000E+00
60  7 0.00000000E+00 1.38820820E-02 0.00000000E+00 1.80303270E-01 0.00000000E+00
60  8-1.98928037E-01 0.00000000E+00 0.00000000E+00 0.00000000E+00 1.95295182E-02
60  9-4.42329440E-02 2.47034258E-02 0.00000000E+00 0.00000000E+00 0.00000000E+00
60 10-3.29689580E-01 5.12914192E-01 3.99276644E-01-3.84083439E-01 0.00000000E+00
60 11 4.42582415E-01 5.39926903E-01 0.00000000E+00-6.49261410E-01 8.94490001E-02
60 12-2.48252192E-01 1.58803192E-01 0.00000000E+00-6.04133435E-01 0.00000000E+00
60 13-3.29689580E-01 5.12914192E-01 3.99276644E-01 3.84083439E-01 0.00000000E+00
60 14 4.42582415E-01-5.39926903E-01 0.00000000E+00-6.49261410E-01 8.94490001E-02
60 15-2.48252192E-01 1.58803192E-01 0.00000000E+00 6.04133435E-01 0.00000000E+00
61  1 0.00000000E+00 0.00000000E+00 0.00000000E+00 0.00000000E+00 0.00000000E+00
61  2-1.51210947E+00 0.00000000E+00 0.00000000E+00-3.55657621E+00 0.00000000E+00
61  3 0.00000000E+00-4.51514318E-02 0.00000000E+00 0.00000000E+00-6.65532759E-01
61  4 0.00000000E+00 0.00000000E+00 0.00000000E+00 0.00000000E+00 0.00000000E+00
61  5 0.00000000E+00-8.55760602E-01 0.00000000E+00 0.00000000E+00 0.00000000E+00
61  6 0.00000000E+00 0.00000000E+00-1.86926333E+00 0.00000000E+00 1.09309027E-01
61  7 0.00000000E+00 0.00000000E+00 0.00000000E+00 0.00000000E+00 4.37326617E-01
61  8 0.00000000E+00-5.83980067E-01 0.00000000E+00 0.00000000E+00 0.00000000E+00
61  9 0.00000000E+00 0.00000000E+00 0.00000000E+00-2.31781946E-01 0.00000000E+00
61 10 5.32638220E-01-3.46401396E+00-3.88080269E-01 8.31898954E-02 0.00000000E+00
61 11-2.28594670E-02-1.63514633E+00 0.00000000E+00 1.57172374E+00-3.20414053E-01
61 12 5.52326662E-01-2.31912609E-01 0.00000000E+00 9.10079879E-01 0.00000000E+00
61 13-5.32638220E-01 3.46401396E+00 3.88080269E-01 8.31898954E-02 0.00000000E+00
61 14 2.28594670E-02-1.63514633E+00 0.00000000E+00-1.57172374E+00 3.20414053E-01
61 15-5.52326662E-01 2.31912609E-01 0.00000000E+00 9.10079879E-01 0.00000000E+00
62  1 9.37009538E-01 5.51001898E+00 6.18726367E+00-3.82527263E+00 2.47150837E+00
62  2 0.00000000E+00 0.00000000E+00 2.10162225E+00 0.00000000E+00 0.00000000E+00
62  3 4.58370906E+00 0.00000000E+00 0.00000000E+00-5.62527392E-01 0.00000000E+00
62  4 0.00000000E+00 7.07470131E-01 1.39734305E-01-2.25981417E-01 8.62471119E-02
62  5 0.00000000E+00 0.00000000E+00 0.00000000E+00 7.67926687E-01-1.63150409E+00
62  6 8.63577402E-01 0.00000000E+00 0.00000000E+00 0.00000000E+00 0.00000000E+00
62  7 0.00000000E+00-1.99735118E-01 0.00000000E+00 9.59319130E-01 0.00000000E+00
62  8-6.91346349E-01 0.00000000E+00 0.00000000E+00 0.00000000E+00 2.48776645E-01
62  9-4.31832198E-01 1.83055552E-01 0.00000000E+00 0.00000000E+00 0.00000000E+00
62 10 3.96993056E-01-4.16943712E+00-3.04687561E-01-1.83888404E-01 0.00000000E+00
62 11 1.74846739E-01-1.81760329E+00 0.00000000E+00 1.57872809E+00-2.75393401E-01
62 12 4.39335086E-01-1.63941685E-01 0.00000000E+00 6.84413505E-01 0.00000000E+00
62 13 3.96993056E-01-4.16943712E+00-3.04687561E-01 1.83888404E-01 0.00000000E+00
62 14 1.74846739E-01 1.81760329E+00 0.00000000E+00 1.57872809E+00-2.75393401E-01
62 15 4.39335086E-01-1.63941685E-01 0.00000000E+00-6.84413505E-01 0.00000000E+00
63  1 0.00000000E+00 0.00000000E+00 0.00000000E+00 0.00000000E+00 0.00000000E+00
63  2 0.00000000E+00-3.91447377E-02 0.00000000E+00 0.00000000E+00-8.36564401E-02
63  3 0.00000000E+00 0.00000000E+00 2.29949530E-02 0.00000000E+00 0.00000000E+00
63  4 3.83193858E-02 0.00000000E+00 0.00000000E+00 0.00000000E+00 0.00000000E+00
63  5 0.00000000E+00 0.00000000E+00-7.96248262E-01 0.00000000E+00 0.00000000E+00
63  6 0.00000000E+00 0.00000000E+00 0.00000000E+00 3.16117917E-01 0.00000000E+00
63  7 5.51260380E-02 0.00000000E+00-3.92762011E-02 0.00000000E+00 0.00000000E+00
63  8 0.00000000E+00 0.00000000E+00-3.46831399E-02 0.00000000E+00 0.00000000E+00
63  9 0.00000000E+00 0.00000000E+00 0.00000000E+00 0.00000000E+00 1.09683312E+00
63 10 0.00000000E+00 0.00000000E+00 0.00000000E+00 0.00000000E+00 4.11852991E-02
63 11 0.00000000E+00 0.00000000E+00-1.86834193E-02 0.00000000E+00 0.00000000E+00
63 12 0.00000000E+00 0.00000000E+00 9.05958709E-02 0.00000000E+00-8.50406477E-02
63 13 0.00000000E+00 0.00000000E+00 0.00000000E+00 0.00000000E+00 4.11852991E-02
63 14 0.00000000E+00 0.00000000E+00-1.86834193E-02 0.00000000E+00 0.00000000E+00
63 15 0.00000000E+00 0.00000000E+00-9.05958709E-02 0.00000000E+00-8.50406477E-02
64  1 0.00000000E+00 0.00000000E+00 0.00000000E+00 0.00000000E+00 0.00000000E+00
64  2 0.00000000E+00 0.00000000E+00 0.00000000E+00 0.00000000E+00 0.00000000E+00
64  3 0.00000000E+00 0.00000000E+00 0.00000000E+00 0.00000000E+00 0.00000000E+00
64  4 0.00000000E+00 0.00000000E+00 0.00000000E+00 0.00000000E+00 0.00000000E+00
64  5-7.97813382E-01 0.00000000E+00 0.00000000E+00 0.00000000E+00 0.00000000E+00
64  6 0.00000000E+00 3.01342156E-01 0.00000000E+00 0.00000000E+00 0.00000000E+00
64  7 0.00000000E+00 0.00000000E+00 0.00000000E+00 0.00000000E+00 0.00000000E+00
64  8 0.00000000E+00 0.00000000E+00 0.00000000E+00-8.57095084E-02 0.00000000E+00
64  9 0.00000000E+00 0.00000000E+00 1.09633486E+00 0.00000000E+00 0.00000000E+00
64 10 0.00000000E+00 0.00000000E+00 0.00000000E+00 0.00000000E+00-4.15665135E-02
64 11 0.00000000E+00 0.00000000E+00 4.90656040E-03 0.00000000E+00 0.00000000E+00
64 12 0.00000000E+00 0.00000000E+00-9.60953572E-02 0.00000000E+00 9.62543066E-02
64 13 0.00000000E+00 0.00000000E+00 0.00000000E+00 0.00000000E+00 4.15665135E-02
64 14 0.00000000E+00 0.00000000E+00-4.90656040E-03 0.00000000E+00 0.00000000E+00
64 15 0.00000000E+00 0.00000000E+00-9.60953572E-02 0.00000000E+00-9.62543066E-02
65  1-2.48223747E-02-1.47895564E-01-1.71295520E-01 8.52431897E-02 6.12079433E-02
65  2 0.00000000E+00 0.00000000E+00-8.79629888E-02 0.00000000E+00 0.00000000E+00
65  3-1.90874202E-01 0.00000000E+00 0.00000000E+00 3.65432817E-02 0.00000000E+00
65  4 0.00000000E+00 6.61400195E-02 6.52904969E-01 1.26089223E-01-7.78994193E-01
65  5 0.00000000E+00 0.00000000E+00 0.00000000E+00-1.96730200E-01-4.12187644E-02
65  6 2.37948964E-01 0.00000000E+00 0.00000000E+00 0.00000000E+00 0.00000000E+00
65  7 0.00000000E+00-1.13312172E-01 0.00000000E+00 1.09127861E-01 0.00000000E+00
65  8 4.28963704E-02 0.00000000E+00 0.00000000E+00 0.00000000E+00-8.58290973E-01
65  9-1.55996853E-01 1.01428783E+00 0.00000000E+00 0.00000000E+00 0.00000000E+00
65 10-1.41065580E-02 5.04778779E-02-2.14313828E-02 4.98347448E-02 0.00000000E+00
65 11 4.69816945E-02 3.78097796E-02 0.00000000E+00-2.85372444E-02 1.89950909E-01
65 12-2.14017313E-02-1.68549177E-01 0.00000000E+00-1.94416294E-03 0.00000000E+00
65 13-1.41065580E-02 5.04778779E-02-2.14313828E-02-4.98347448E-02 0.00000000E+00
65 14 4.69816945E-02-3.78097796E-02 0.00000000E+00-2.85372444E-02 1.89950909E-01
65 15-2.14017313E-02-1.68549177E-01 0.00000000E+00 1.94416294E-03 0.00000000E+00
66  1 5.23048257E-01 3.10033693E+00 3.58039590E+00-2.05396190E+00 1.27764340E+00
66  2 0.00000000E+00 0.00000000E+00 1.22589078E+00 0.00000000E+00 0.00000000E+00
66  3 2.69618691E+00 0.00000000E+00 0.00000000E+00-3.07404502E-01 0.00000000E+00
66  4 0.00000000E+00 2.63569499E-01 6.59271173E-01-1.06044967E+00 4.01178495E-01
66  5 0.00000000E+00 0.00000000E+00 0.00000000E+00 2.68387603E-01-5.27546700E-01
66  6 2.59159096E-01 0.00000000E+00 0.00000000E+00 0.00000000E+00 0.00000000E+00
66  7 0.00000000E+00-1.92793991E-01 0.00000000E+00 6.66451130E-01 0.00000000E+00
66  8-4.07790848E-01 0.00000000E+00 0.00000000E+00 0.00000000E+00-6.35854914E-01
66  9 1.01196930E+00-3.76114385E-01 0.00000000E+00 0.00000000E+00 0.00000000E+00
66 10 1.67853982E-01-2.33154952E+00-1.31588422E-01-1.85019689E-01 0.00000000E+00
66 11 1.87777136E-01-1.01399575E+00 0.00000000E+00 9.61532315E-01-1.10780316E-01
66 12 2.68440417E-01-1.57660101E-01 0.00000000E+00 4.40777467E-01 0.00000000E+00
66 13 1.67853982E-01-2.33154952E+00-1.31588422E-01 1.85019689E-01 0.00000000E+00
66 14 1.87777136E-01 1.01399575E+00 0.00000000E+00 9.61532315E-01-1.10780316E-01
66 15 2.68440417E-01-1.57660101E-01 0.00000000E+00-4.40777467E-01 0.00000000E+00
67  1 0.00000000E+00 0.00000000E+00 0.00000000E+00 0.00000000E+00 0.00000000E+00
67  2-1.30089227E+00 0.00000000E+00 0.00000000E+00-2.86911543E+00 0.00000000E+00
67  3 0.00000000E+00 3.22793322E-01 0.00000000E+00 0.00000000E+00-2.13482202E-01
67  4 0.00000000E+00 0.00000000E+00 0.00000000E+00 0.00000000E+00 0.00000000E+00
67  5 0.00000000E+00-1.42504018E+00 0.00000000E+00 0.00000000E+00 0.00000000E+00
67  6 0.00000000E+00 0.00000000E+00-1.11296571E+00 0.00000000E+00 1.52461418E-01
67  7 0.00000000E+00 0.00000000E+00 0.00000000E+00 0.00000000E+00 4.39591267E-01
67  8 0.00000000E+00-6.44139725E-01 0.00000000E+00 0.00000000E+00 0.00000000E+00
67  9 0.00000000E+00 0.00000000E+00 0.00000000E+00 1.10240358E+00 0.00000000E+00
67 10 1.52303867E-01-2.36921592E+00-6.76913016E-02-2.22543523E-01 0.00000000E+00
67 11 2.08628690E-01-9.96591398E-01 0.00000000E+00 9.66050172E-01-1.71058077E-01
67 12 2.59753492E-01-8.86954151E-02 0.00000000E+00 4.86763996E-01 0.00000000E+00
67 13-1.52303867E-01 2.36921592E+00 6.76913016E-02-2.22543523E-01 0.00000000E+00
67 14-2.08628690E-01-9.96591398E-01 0.00000000E+00-9.66050172E-01 1.71058077E-01
67 15-2.59753492E-01 8.86954151E-02 0.00000000E+00 4.86763996E-01 0.00000000E+00
 $END     
 $DMO   
 1  1 1.29198221E-03 9.96102212E-03 5.81812967E-01 7.32286066E-02 2.44065405E-01
 1  2 3.33140657E-11-0.00000000E+00-2.25812400E-02 5.65260384E-11-0.00000000E+00
 1  3 6.73191090E-02-2.46310087E-11-0.00000000E+00 3.58624050E-02 3.45893177E-11
 1  4-0.00000000E+00 1.43705923E-02 9.02478321E-03-1.53450307E-02 6.32024746E-03
 1  5-0.00000000E+00-1.20360329E-11-0.00000000E+00 2.61442775E-03-5.54511489E-03
 1  6 2.93068713E-03-0.00000000E+00 5.59556760E-11-0.00000000E+00-0.00000000E+00
 1  7-0.00000000E+00-1.94246483E-03-0.00000000E+00 7.58412734E-03-0.00000000E+00
 1  8-4.97803729E-03 1.50954438E-11-0.00000000E+00-0.00000000E+00 1.50264092E-03
 1  9-2.65668541E-03 1.15404449E-03-0.00000000E+00-0.00000000E+00-0.00000000E+00
 1 10 8.36971578E-02 1.16407315E-01 5.35421529E-04 8.04905859E-03-0.00000000E+00
 1 11-6.94736562E-03 1.66058114E-02-0.00000000E+00-1.36659895E-02 1.50186335E-03
 1 12-2.07967177E-03 5.77808428E-04-0.00000000E+00-3.41673751E-03-0.00000000E+00
 1 13 8.36971578E-02 1.16407315E-01 5.35421485E-04-8.04905858E-03-0.00000000E+00
 1 14-6.94736562E-03-1.66058114E-02-0.00000000E+00-1.36659894E-02 1.50186334E-03
 1 15-2.07967178E-03 5.77808438E-04-0.00000000E+00 3.41673751E-03-0.00000000E+00
 2  1 1.04384787E-11 8.13427604E-11 9.33615081E-11-6.28589542E-11 2.48153787E-10
 2  2-2.16426344E-02-0.00000000E+00 7.47288256E-11 4.17346771E-01-0.00000000E+00
 2  3 1.75291684E-10 1.73972262E-01-0.00000000E+00-1.84901266E-11 1.07448142E-01
 2  4-0.00000000E+00 1.04010656E-10 1.04939578E-11-1.17425224E-11-0.00000000E+00
 2  5-0.00000000E+00 6.22180669E-02-0.00000000E+00 3.23969793E-11-7.14590917E-11
 2  6 3.90621123E-11-0.00000000E+00 5.37172188E-02-0.00000000E+00-3.00508863E-04
 2  7-0.00000000E+00-0.00000000E+00-0.00000000E+00 3.35094599E-11-1.33776681E-02
 2  8-2.52980718E-11 1.37808430E-02-0.00000000E+00-0.00000000E+00-0.00000000E+00
 2  9-0.00000000E+00-0.00000000E+00-0.00000000E+00 1.21951997E-02-0.00000000E+00
 2 10-1.39619299E-01-2.29471972E-01-4.24100125E-02-7.09129288E-03-0.00000000E+00
 2 11 1.01930628E-02-1.18066445E-02-0.00000000E+00 2.05777518E-02 1.65339410E-04
 2 12 2.26795425E-03-2.43329366E-03-0.00000000E+00 3.30545327E-03-0.00000000E+00
 2 13 1.39619299E-01 2.29471971E-01 4.24100124E-02-7.09129288E-03-0.00000000E+00
 2 14-1.01930628E-02-1.18066443E-02-0.00000000E+00-2.05777517E-02-1.65339422E-04
 2 15-2.26795424E-03 2.43329366E-03-0.00000000E+00 3.30545324E-03-0.00000000E+00
 3  1-2.25056597E-03-2.34603311E-02-2.90500599E-01-4.53051899E-02-2.30316984E-01
 3  2-0.00000000E+00-0.00000000E+00-1.10423045E-02-2.16056989E-11-0.00000000E+00
 3  3 4.81097730E-01-2.01051667E-11-0.00000000E+00 1.94398750E-01-4.43043960E-11
 3  4-0.00000000E+00 1.58329587E-01 8.20801570E-03-2.40223922E-02 1.58143765E-02
 3  5-0.00000000E+00-0.00000000E+00-0.00000000E+00 3.61627091E-03-2.51775004E-02
 3  6 2.15612295E-02-0.00000000E+00-1.86539058E-11-0.00000000E+00-0.00000000E+00
 3  7-0.00000000E+00 5.30633801E-04-0.00000000E+00 1.14444408E-02-0.00000000E+00
 3  8-1.21563608E-02-0.00000000E+00-0.00000000E+00-0.00000000E+00 1.79479476E-03
 3  9-5.12708268E-03 3.33228793E-03-0.00000000E+00-0.00000000E+00-0.00000000E+00
 3 10 9.35761592E-02 1.68551569E-01 3.73765745E-02 6.89989588E-03-0.00000000E+00
 3 11-2.53135405E-03 1.77546717E-02-0.00000000E+00 1.32648902E-03 2.68418072E-03
 3 12-1.67170559E-03-1.01247512E-03-0.00000000E+00-1.65852805E-03-0.00000000E+00
 3 13 9.35761592E-02 1.68551569E-01 3.73765745E-02-6.89989588E-03-0.00000000E+00
 3 14-2.53135407E-03-1.77546717E-02-0.00000000E+00 1.32648902E-03 2.68418073E-03
 3 15-1.67170560E-03-1.01247513E-03-0.00000000E+00 1.65852804E-03-0.00000000E+00
 4  1 0.00000000E+00 0.00000000E+00 0.00000000E+00 0.00000000E+00 0.00000000E+00
 4  2 0.00000000E+00 9.13876388E-03 0.00000000E+00 0.00000000E+00 6.21584183E-01
 4  3 0.00000000E+00 0.00000000E+00 2.38987427E-01 0.00000000E+00 0.00000000E+00
 4  4 2.88254928E-01 0.00000000E+00 0.00000000E+00 0.00000000E+00 0.00000000E+00
 4  5 0.00000000E+00 0.00000000E+00 1.18176546E-02 0.00000000E+00 0.00000000E+00
 4  6 0.00000000E+00 0.00000000E+00 0.00000000E+00 2.60447828E-02 0.00000000E+00
 4  7-7.25736064E-03 0.00000000E+00 6.38052805E-03 0.00000000E+00 0.00000000E+00
 4  8 0.00000000E+00 0.00000000E+00 3.35624299E-03 0.00000000E+00 0.00000000E+00
 4  9 0.00000000E+00 0.00000000E+00 0.00000000E+00 0.00000000E+00 2.57813384E-03
 4 10 0.00000000E+00 0.00000000E+00 0.00000000E+00 0.00000000E+00 5.42253137E-03
 4 11 0.00000000E+00 0.00000000E+00 2.33004645E-02 0.00000000E+00 0.00000000E+00
 4 12 0.00000000E+00 0.00000000E+00 2.25995330E-03 0.00000000E+00-2.13120316E-03
 4 13 0.00000000E+00 0.00000000E+00 0.00000000E+00 0.00000000E+00 5.42253137E-03
 4 14 0.00000000E+00 0.00000000E+00 2.33004645E-02 0.00000000E+00 0.00000000E+00
 4 15 0.00000000E+00 0.00000000E+00-2.25995330E-03 0.00000000E+00-2.13120316E-03
 5  1 9.36282364E-03 7.92913609E-02 3.46542604E-01 4.20026798E-02 3.97366283E-01
 5  2 1.62814208E-10-0.00000000E+00 8.32621842E-02 2.87912828E-10-0.00000000E+00
 5  3 5.84724320E-01-1.05756695E-10-0.00000000E+00 2.02215893E-01 3.26239594E-10
 5  4-0.00000000E+00 1.96428058E-01-8.41071023E-02 2.51991677E-01-1.67884574E-01
 5  5-0.00000000E+00-0.00000000E+00-0.00000000E+00-8.47793462E-02 2.45495540E-01
 5  6-1.60716194E-01-0.00000000E+00 3.10821997E-10-0.00000000E+00-1.09192341E-11
 5  7-0.00000000E+00-2.65444891E-03-0.00000000E+00-3.58345547E-02-4.77617531E-11
 5  8 3.93958717E-02 6.24114428E-11-0.00000000E+00-0.00000000E+00-1.02358073E-02
 5  9 2.76277883E-02-1.73919810E-02-0.00000000E+00-0.00000000E+00-0.00000000E+00
 5 10-2.22099225E-01-4.78462603E-01-5.69295543E-02-1.89555297E-02-0.00000000E+00
 5 11 1.66550022E-02-7.42314401E-02-0.00000000E+00 5.01348093E-02-7.13644233E-03
 5 12 6.74328781E-03 3.93154522E-04-0.00000000E+00 1.02765634E-02-0.00000000E+00
 5 13-2.22099225E-01-4.78462603E-01-5.69295545E-02 1.89555297E-02-0.00000000E+00
 5 14 1.66550022E-02 7.42314404E-02-0.00000000E+00 5.01348096E-02-7.13644233E-03
 5 15 6.74328782E-03 3.93154513E-04-0.00000000E+00-1.02765634E-02-0.00000000E+00
 6  1-0.00000000E+00-4.85458357E-11-2.45399752E-11 6.15089991E-11-3.19143610E-10
 6  2-9.81290198E-02-0.00000000E+00-7.90326879E-11-7.18522810E-01-0.00000000E+00
 6  3-1.40218803E-10-2.39195586E-01-0.00000000E+00 3.80492733E-11-1.63914888E-01
 6  4-0.00000000E+00-2.02905562E-10-0.00000000E+00-0.00000000E+00-0.00000000E+00
 6  5-0.00000000E+00 1.75152398E-01-0.00000000E+00-1.18152325E-11 6.36768314E-11
 6  6-5.18615989E-11-0.00000000E+00 9.68673722E-02-0.00000000E+00-1.20943835E-03
 6  7-0.00000000E+00 1.05635003E-11-0.00000000E+00-4.01067642E-11-2.07421022E-02
 6  8 2.59343413E-11 2.23647340E-02-0.00000000E+00-0.00000000E+00-0.00000000E+00
 6  9-0.00000000E+00-0.00000000E+00-0.00000000E+00 1.95236025E-02-0.00000000E+00
 6 10-2.22904404E-01-4.55645956E-01-1.53429737E-02-2.14362091E-02-0.00000000E+00
 6 11 1.43627550E-02-8.01986659E-02-0.00000000E+00 5.72282382E-02-7.56055496E-03
 6 12 8.35183685E-03-7.91281890E-04-0.00000000E+00 1.03026429E-02-0.00000000E+00
 6 13 2.22904404E-01 4.55645957E-01 1.53429736E-02-2.14362091E-02-0.00000000E+00
 6 14-1.43627550E-02-8.01986661E-02-0.00000000E+00-5.72282384E-02 7.56055497E-03
 6 15-8.35183688E-03 7.91281904E-04-0.00000000E+00 1.03026429E-02-0.00000000E+00
 $end   

 $REFDET   
 3 
 1 17
        1    0.983273
      157    0.077929
      173    0.072650
       47   -0.062949
      168    0.047165
      154    0.041786
       63    0.040987
       68    0.040693
        8   -0.039429
        5   -0.037878
       82    0.037727
       79    0.034120
       36   -0.028035
       91   -0.025071
       95    0.024951
       61    0.023084
       17    0.020620
 2 19
       16    0.981728
      203    0.076196
       62   -0.067827
       53    0.065774
       18   -0.048905
        2    0.046541
       34    0.044715
       48    0.044601
       39    0.041416
      112    0.040355
      198    0.037058
      196    0.035311
      109    0.034081
      219    0.027246
       20    0.025564
      226    0.024358
      125    0.022996
      200    0.021796
       23   -0.020039
3 19     
       31    0.973868
       52    0.087299
      202   -0.079219
       38    0.070814
       77   -0.070295
       33    0.065782
        6   -0.060160
       19    0.059364
       24    0.048232
      113   -0.043695
       49    0.043067
      108   -0.042510
       22    0.040772
      211    0.039068
      199   -0.033801
      234    0.028198
      136    0.022060
      140    0.021736
       35    0.021006
 1  1 1.00000000E+00 0.00000000E+00 0.00000000E+00
 2  1 0.00000000E+00 1.00000000E+00 0.00000000E+00
 3  1 0.00000000E+00 0.00000000E+00 1.00000000E+00
 $end
