  0.00000000  0.00000232  0.13148151  0.00000003 -0.00000383
  0.00000000 -0.03231812  0.00000340  0.00000000  0.17387593
  0.00000001  0.00000000 -0.00000000  0.17152934  0.00000000
  0.00000000 -0.00001406 -0.25179559  0.00000429 -0.00000402
  0.70435636  0.69249602 -0.00001935 -0.00000004  0.12871342
  0.00000001 -0.00001701 -0.39812783  0.17153321 -0.00000020
 -0.00000000 -0.00001406 -0.25179559 -0.00000411 -0.00000402
 -0.70435636  0.69249602 -0.00001935  0.00000004  0.12871342
  0.00000001  0.00001701  0.39812782  0.17153308  0.00000020


  0.11401269  0.00000000 -0.00000000 -0.03148042
  0.00000257  0.00000000 -0.00000000 -0.00000000
 -0.00000004 -0.03138496 -0.02949524  0.00000000
  0.42824489  0.48237540 -0.51325613  0.49932271
  0.00001256 -0.00000000  0.00000000  0.00000000
  0.32639976  0.49780279  0.46785323 -0.48070291
  0.42824489 -0.48237540  0.51325613  0.49932271
  0.00001256  0.00000000 -0.00000000  0.00000000
 -0.32639984  0.49780279  0.46785323  0.48070290

